8 24
16 46
24 75
32 112
40 169
48 227
56 366
64 328
72 494
80 730
88 755
96 1069
104 1671
112 2767
120 2221
128 1272
136 8951
144 11625
152 51169
160 22326
168 97208
176 491102
184 412687
192 208018
200 780197
208 748532
216 1311779
224 864886
232 1518822
240 1339581
248 1882750
256 16921039
264 2307030
272 2541347
280 2797659
288 3350605
296 3476148
304 3309847
312 3820335
320 6728693
328 4435088
336 4521522
344 7625580
352 7787829
360 5873515
368 9078131
376 6684710
384 89763785
392 12201662
400 12563590
408 13888453
416 15039846
424 13122620
432 15375100
440 18242469
448 135581145
456 20335217
464 21698741
472 22731807
480 44244648
488 16269896
496 15010754
504 15531939
512 134811574
