8 29669
16 27485
24 27875
32 27153
40 27724
48 28049
56 28025
64 28666
72 28530
80 29035
88 30640
96 31123
104 31935
112 32609
120 33971
128 35650
136 37084
144 40726
152 42933
160 48054
168 48400
176 49930
184 55448
192 57586
200 61831
208 65429
216 82743
224 71065
232 87947
240 80259
248 84072
256 88880
264 110890
272 144627
280 124463
288 126783
296 129229
304 166879
312 143167
320 187592
328 172641
336 163412
344 176514
352 179685
360 188477
368 235794
376 216495
384 220794
392 259700
400 266602
408 277796
416 280867
424 329101
432 323901
440 359007
448 363096
456 411374
464 390334
472 451289
480 508181
488 449828
496 526473
504 535612
512 543590
