8 21
16 49
24 80
32 137
40 174
48 308
56 320
64 302
72 373
80 657
88 717
96 822
104 1447
112 1557
120 11828
128 2054
136 11726
144 26709
152 56377
160 12264
168 94144
176 304263
184 419527
192 202899
200 797336
208 945294
216 1184476
224 774928
232 1546789
240 1689029
248 1919024
256 16919424
264 2220013
272 2348702
280 2769639
288 3009889
296 3338493
304 3408418
312 3822591
320 6035551
328 6612536
336 6410271
344 5119869
352 5272728
360 5865419
368 9087265
376 10598748
384 53876126
392 12198040
400 12620687
408 14027771
416 13935189
424 14156879
432 15280816
440 18223961
448 130124419
456 20174207
464 21805580
472 20997300
480 34059954
488 16636996
496 15065944
504 15578552
512 134809948
