8 24
16 40
24 57
32 91
40 141
48 268
56 358
64 318
72 1147
80 781
88 728
96 892
104 1010
112 6729
120 26024
128 1301
136 17926
144 34526
152 41339
160 24413
168 213928
176 142586
184 536962
192 195174
200 748980
208 937895
216 1179183
224 853356
232 1472976
240 1648444
248 1918157
256 16921003
264 2318492
272 2373174
280 2761414
288 2958002
296 3365960
304 3456973
312 5465780
320 31925110
328 4444759
336 6478500
344 5118423
352 5585675
360 8992917
368 6212863
376 10590372
384 88448044
392 11820923
400 12618762
408 12816004
416 15205305
424 13888746
432 16708778
440 18191184
448 128608715
456 20544447
464 21856011
472 22911967
480 22445484
488 16729835
496 15051061
504 15595728
512 134812840
