8 35
16 50
24 92
32 143
40 138
48 207
56 355
64 457
72 512
80 744
88 1112
96 1229
104 1537
112 2318
120 2723
128 6267
136 6146
144 59935
152 28545
160 96988
168 263437
176 432309
184 469771
192 326399
200 746277
208 980916
216 1250627
224 780098
232 1561410
240 1537207
248 1904047
256 16003892
264 2315079
272 2494018
280 2818567
288 3126772
296 3363076
304 3413667
312 3822185
320 32250866
328 6609120
336 4435784
344 5118257
352 8062267
360 9075212
368 6146452
376 10571780
384 88823292
392 12225306
400 12719837
408 13986170
416 15103275
424 16035144
432 16740661
440 18343890
448 130347069
456 20646841
464 21913639
472 22442470
480 34393598
488 16790543
496 15127928
504 15589953
512 134807364
