8 24
16 124
24 118
32 165
40 206
48 356
56 490
64 615
72 1326
80 1026
88 1919
96 2106
104 2792
112 3468
120 3545
128 24081
136 29369
144 19505
152 62876
160 59792
168 309728
176 322465
184 460795
192 377347
200 765457
208 1054400
216 1120041
224 1074933
232 1448413
240 1718960
248 1927359
256 16920215
264 2228713
272 2214908
280 2771444
288 2558852
296 3262748
304 3131277
312 3825444
320 9169392
328 4436350
336 4326934
344 5118806
352 5402491
360 5909912
368 6044870
376 6763471
384 57615619
392 7639446
400 7985195
408 8592040
416 9099386
424 10796782
432 13020449
440 17279471
448 12235087
456 20380314
464 19573249
472 18753634
480 13821376
488 22421322
496 25581408
504 29006973
512 134815856
