8 27
16 62
24 119
32 149
40 284
48 410
56 463
64 711
72 881
80 1129
88 1447
96 1807
104 7549
112 2886
120 3830
128 9922
136 8874
144 39112
152 101504
160 86371
168 306522
176 486119
184 542854
192 372737
200 698012
208 969849
216 1222239
224 981176
232 1484467
240 1717106
248 1924253
256 16920965
264 2249645
272 2279774
280 2770843
288 2555141
296 3267361
304 3128187
312 3846754
320 10029322
328 4444526
336 4334782
344 5125973
352 5168042
360 5871219
368 6049280
376 6689336
384 57477004
392 7620156
400 7927336
408 8559599
416 9009437
424 10389177
432 12275046
440 16242416
448 12776323
456 20448382
464 19236882
472 18563200
480 13776141
488 22394197
496 25588812
504 28986103
512 134813664
