8 31
16 77
24 149
32 209
40 194
48 532
56 441
64 683
72 902
80 1294
88 1323
96 1811
104 2210
112 2978
120 3673
128 8236
136 10623
144 24662
152 46460
160 111890
168 158118
176 272119
184 536935
192 232321
200 772362
208 1034421
216 1155857
224 1084913
232 1563092
240 1602470
248 1927777
256 16921135
264 2325540
272 2288175
280 2771592
288 2580072
296 3267049
304 3156900
312 3818286
320 8178303
328 4444507
336 4401276
344 5151462
352 5215417
360 5918810
368 6046431
376 6677223
384 53877626
392 7644974
400 7951717
408 8597558
416 8915924
424 10579950
432 13329619
440 17115120
448 12183294
456 20425026
464 19173721
472 18495781
480 13782090
488 22396737
496 25609951
504 28989176
512 134813270
