8 28
16 79
24 107
32 101
40 144
48 243
56 529
64 516
72 521
80 794
88 1191
96 1149
104 1436
112 2536
120 2676
128 2950
136 3577
144 8345
152 14140
160 40878
168 71582
176 125997
184 119744
192 167811
200 182535
208 230148
216 274940
224 293645
232 340330
240 370609
248 350943
256 176877
264 219546
272 238293
280 290568
288 291558
296 268688
304 267773
312 294405
320 267372
328 330244
336 334599
344 362853
352 380240
360 438136
368 465291
376 524576
384 297630
392 597398
400 416921
408 541686
416 403464
424 685761
432 613872
440 726803
448 826768
456 756499
464 781855
472 694123
480 815683
488 971752
496 905229
504 783273
512 1395261
