8 26
16 36
24 59
32 91
40 167
48 235
56 306
64 219
72 541
80 646
88 863
96 777
104 1407
112 1420
120 1615
128 14838
136 20265
144 7580
152 25658
160 36575
168 58581
176 72689
184 90674
192 91767
200 126116
208 148013
216 232475
224 225693
232 285935
240 286171
248 356688
256 419179
264 370034
272 425019
280 426899
288 394801
296 498747
304 499865
312 583815
320 525244
328 487809
336 483040
344 453449
352 427246
360 538063
368 518928
376 399294
384 438274
392 492280
400 472727
408 597715
416 421561
424 636661
432 524350
440 535301
448 516636
456 746558
464 664654
472 644696
480 515486
488 679678
496 661323
504 805143
512 581912
