8 25
16 43
24 64
32 105
40 136
48 229
56 290
64 416
72 489
80 621
88 761
96 1041
104 897
112 853
120 1470
128 5870
136 25746
144 25757
152 24082
160 37269
168 65306
176 75575
184 91958
192 102162
200 144590
208 158625
216 233877
224 244997
232 312580
240 342318
248 337052
256 372481
264 428050
272 406173
280 464377
288 426337
296 549840
304 567329
312 593287
320 597127
328 537106
336 565592
344 535072
352 463633
360 481379
368 461957
376 508736
384 530122
392 488077
400 567908
408 519817
416 566202
424 676755
432 462684
440 540471
448 749289
456 715326
464 748817
472 905333
480 748856
488 899904
496 1305695
504 794828
512 1380051
