8 24
16 38
24 100
32 94
40 180
48 236
56 297
64 416
72 537
80 631
88 655
96 847
104 1314
112 1038
120 1984
128 19744
136 18899
144 8347
152 26957
160 48865
168 63372
176 74118
184 135080
192 149617
200 192463
208 261009
216 245817
224 257374
232 430733
240 323413
248 485483
256 464025
264 531233
272 541519
280 669923
288 558425
296 582551
304 843434
312 841695
320 753695
328 577511
336 638324
344 845767
352 591895
360 702502
368 649874
376 553326
384 670675
392 645966
400 591929
408 574643
416 618933
424 656659
432 505873
440 828549
448 740717
456 900107
464 864112
472 906909
480 657703
488 1113039
496 1230540
504 960815
512 1109474
