25 10 -40 -40 50 -45 35 50 25 0 -15 15 -35 35 -15 -40 -40 -15 -10 -40 -50 35 -50 40 -20 20 50 -25 10 -20 15 45 20 25 50 -45 50 -30 -35 -10 -35 -40 -30 0 45 20 -50 -45 -5 -10 -5 -20 -45 -5 30 40 -25 50 10 -30 5 50 15 10 -10 0 -20 -15 50 -5 -20 40 -50 -50 20 15 30 -35 5 35 -35 45 -50 35 -40 35 -30 5 25 5 -30 20 15 -10 -5 -35 -35 -50 -20 20
10 85 -52 11 2 -18 -76 -43 -71 -9 48 -48 -23 68 57 47 -52 -78 23 2 -11 -58 43 -47 -71 35 56 26 76 19 15 99 -37 -44 -16 -54 110 -21 13 -94 -68 -7 69 -54 -72 71 -101 -99 -29 32 -11 -53 -90 -11 -78 70 -19 47 22 6 92 83 -12 -5 -67 90 -98 39 65 -74 -26 43 7 -74 62 24 48 -41 2 -31 58 -45 -38 -4 -16 -31 -66 2 46 -25 -93 89 60 -94 -65 -23 67 -11 46 -28
-40 -52 144 -12 -32 80 -64 -116 52 84 72 56 52 -40 -44 92 80 -16 -44 -24 76 -64 -4 -68 60 -124 -48 -40 -56 -28 52 -68 -20 -96 -48 136 -192 60 124 64 32 -12 -52 72 -48 20 84 116 -12 8 -36 76 72 -44 -40 -80 100 -76 56 56 24 -76 0 12 68 -96 152 28 -164 -40 88 -68 12 96 -96 32 -120 -4 40 4 56 -12 144 -96 56 44 104 -8 -24 44 68 -124 -56 80 -36 76 -12 140 -72 24
-40 11 -12 201 -86 48 -22 27 -171 -139 -54 -162 5 -86 165 13 76 72 137 86 115 -40 221 -133 19 57 -108 108 -56 49 -181 -133 -71 -18 -92 -44 38 85 -79 -86 102 75 219 -82 -94 -163 149 101 47 68 133 -47 24 93 -86 -134 -3 -95 -66 102 -82 -99 -118 -27 -109 118 -70 47 -65 16 42 -71 217 86 98 -26 100 167 24 -111 -24 -197 98 42 120 -119 -18 24 -4 -97 5 11 42 18 27 -11 187 91 170 -100
50 2 -32 -86 235 -113 7 69 64 80 -57 -53 -117 69 -28 -123 -138 -122 38 -228 -55 70 -28 -12 -102 38 190 -175 -46 -173 73 148 -29 59 101 -159 0 -50 -129 -62 -150 -212 -149 68 140 -5 -143 -54 31 79 -33 -130 -129 -77 26 -31 -66 126 162 4 78 137 -64 47 -95 19 35 76 100 -119 -47 -16 -186 -101 39 29 112 -7 54 33 -57 88 -56 16 -64 204 25 -33 151 106 -27 43 20 32 -7 -124 -108 37 -50 72
-45 -18 80 48 -113 139 -101 -97 46 -25 80 -33 134 -117 18 151 154 -17 -51 132 20 -63 84 -55 -18 -30 -107 55 -29 112 28 -40 25 -33 -44 124 -30 98 145 55 27 19 9 -19 -77 28 144 86 -30 -2 63 -1 126 -29 24 31 111 -155 38 92 -48 -43 49 -89 88 -27 65 53 -102 84 58 -112 85 124 13 -80 -140 96 -36 -91 73 -40 136 -13 54 -66 76 11 -123 28 43 -23 29 74 -18 64 58 82 -4 34
35 -76 -64 -22 7 -101 338 153 34 -131 -202 95 -88 66 -94 -170 -7 252 60 -106 -45 170 -231 212 231 48 -79 27 -78 -16 -190 -184 74 -7 39 -39 -39 -127 -94 137 79 67 13 -54 190 -124 51 38 58 -134 -22 92 -83 189 39 -72 -128 35 -191 -168 -160 -24 -48 22 110 -20 36 -130 -50 54 87 222 -42 64 -37 69 87 -21 -19 87 -205 90 -159 56 -81 -33 -131 92 23 -61 79 -173 -55 114 87 -41 -92 -244 -51 13
50 -43 -116 27 69 -97 153 412 -26 -139 -76 57 -77 -57 138 -167 12 45 -59 46 -113 117 25 19 -55 33 21 24 -77 12 -96 -95 124 195 203 -108 194 130 -239 -100 141 -88 105 59 41 -133 169 59 10 7 230 20 50 12 241 23 37 55 -51 41 -215 -104 81 57 -116 -93 -107 -171 82 172 -55 -40 153 -116 101 67 116 -37 156 171 -246 12 49 281 26 53 -31 44 -17 -153 -130 22 33 17 16 -80 42 -33 30 -40
25 -71 52 -171 64 46 34 -26 477 197 174 83 92 -127 -336 17 191 -77 -108 51 -53 128 -353 229 43 -57 57 -69 3 -5 125 141 20 5 141 81 1 -157 130 188 -136 -115 -370 -103 238 170 -52 -48 -59 -123 -52 -52 34 17 118 224 129 -72 89 -127 -117 55 224 -53 94 -199 279 -13 -156 134 50 82 -118 137 -32 -43 -177 -15 -53 150 -109 222 100 221 -35 226 137 -59 -207 141 157 -18 22 86 155 -71 -275 -52 -79 276
0 -9 84 -139 80 -25 -131 -139 197 466 237 48 53 -81 -212 -54 -113 -166 -117 79 171 -58 -219 40 15 -165 239 -105 51 -145 274 228 -90 54 -58 1 -86 -237 -68 72 39 -50 -194 109 126 122 -325 -75 6 -108 -269 116 -27 9 -143 53 0 189 -27 -13 88 -40 191 192 -129 -142 134 -94 -41 -39 -54 29 -194 -140 -182 23 -72 -85 -93 289 141 132 63 6 90 137 100 -236 -116 82 127 84 -15 -267 165 -48 -294 114 -10 140
-15 48 72 -54 -57 80 -202 -76 174 237 376 91 82 -105 -61 158 137 -178 -118 182 99 -91 -122 -56 -35 -201 114 53 103 -5 173 144 -84 -86 72 125 103 24 105 -44 28 -40 -72 -9 -79 228 -60 -58 -131 -61 -30 62 47 -59 -53 179 253 4 10 18 14 -53 248 36 -128 -159 80 -64 -169 18 64 46 120 -72 14 38 -121 -115 60 227 65 -33 235 195 113 118 41 -101 -167 -57 -62 30 74 -174 -15 33 -29 163 63 99
15 -48 56 -162 -53 -33 95 57 83 48 91 419 8 149 -126 16 37 29 -114 -30 -27 41 -283 107 104 -140 -44 61 148 -15 20 -117 46 -74 143 209 -136 73 165 19 32 50 -135 138 -67 158 75 -66 -98 -50 -116 241 111 -112 168 75 165 23 -54 -257 -11 -180 175 20 108 -261 56 -218 -72 20 2 157 80 -26 -228 151 -102 -362 201 209 -32 77 -69 20 -117 138 -1 32 -1 -96 -77 -170 -214 -51 -46 164 -64 -79 -108 -5
-35 -23 52 5 -117 134 -88 -77 92 53 82 8 501 -105 75 78 84 -265 -246 139 155 -2 39 -121 -240 204 -50 176 -33 199 81 58 19 131 -68 90 -133 -22 6 70 -20 -184 34 90 90 135 196 -62 57 -2 -171 77 61 -2 52 209 -35 -132 -23 95 -242 -150 175 -167 178 66 36 -169 25 147 13 -144 79 -20 -187 -81 -71 39 -57 -43 401 165 13 -19 -41 -154 90 -125 -278 82 52 -37 108 -110 78 -107 -161 4 -48 218
35 68 -40 -86 69 -117 66 -57 -127 -81 -105 149 -105 431 64 -45 -182 -55 22 -358 -138 -96 -73 -48 53 36 -23 -78 216 -3 -27 -63 19 -163 23 -115 -17 -120 89 -138 -285 51 45 -71 -74 79 -155 -171 48 81 -187 -46 -145 -85 -73 -34 -167 52 144 -216 172 133 -151 37 42 17 -56 -53 189 -156 -99 257 18 47 -100 262 168 -232 210 -152 112 94 -219 -263 -209 -34 -8 34 240 14 -113 -91 -169 -81 -97 104 60 -212 -8 -33
-15 57 -44 165 -28 18 -94 138 -336 -212 -61 -126 75 64 635 -54 -134 -131 -33 -66 -79 -207 392 -404 -183 21 78 -62 -67 93 -31 -212 73 177 68 -249 231 201 -202 -168 133 -12 317 -21 -114 -169 222 155 210 14 16 -91 106 -230 76 -59 -147 -135 84 204 -84 73 -105 -148 -134 117 -238 -137 348 93 89 -36 368 -140 271 -49 293 211 207 -192 238 5 16 -36 2 -207 -29 -24 19 -97 -286 -74 182 -164 -100 -26 208 82 206 -63
-40 47 92 13 -123 151 -170 -167 17 -54 158 16 78 -45 -54 411 240 -39 -44 196 -75 -183 33 11 -42 -130 -137 108 -18 93 6 39 0 -193 -30 165 17 205 360 -113 21 -74 48 78 -237 122 108 60 -280 41 179 21 62 58 -79 90 180 -25 -25 126 118 48 92 -25 75 -105 77 231 -310 -86 33 -182 82 72 80 -31 -162 51 -55 -111 68 -167 108 44 34 -77 -55 91 -57 -79 -13 38 43 32 -195 105 130 187 -80 -67
-40 -52 80 76 -138 154 -7 12 191 -113 137 37 84 -182 -134 240 523 133 97 183 -51 116 -15 150 56 -126 -192 149 -158 144 -216 -135 -112 -195 28 212 -10 261 203 65 70 53 -7 -105 -116 111 423 119 -240 122 358 -24 160 189 -11 45 269 -126 -29 -31 -80 -198 151 -96 77 -108 258 124 -364 80 130 -92 327 163 182 -42 -44 156 82 -17 -232 -153 277 198 171 82 46 167 -151 -131 21 -64 -78 151 -85 49 39 80 -84 -100
-15 -78 -16 72 -122 -17 252 45 -77 -166 -178 29 -265 -55 -131 -39 133 689 147 -92 -160 67 -113 418 430 -332 -219 114 -63 61 -216 -265 83 -181 44 87 -27 -5 -6 82 226 453 174 -95 -77 -137 100 216 -102 -225 184 66 -14 340 -65 -309 -103 62 -326 -315 -120 -64 -60 168 250 -32 -99 -12 -65 34 -29 142 65 10 122 -164 -4 172 -183 -44 -408 -139 89 -166 87 -2 -106 119 61 -81 209 -41 -66 57 -41 299 103 -194 -12 -155
-10 23 -44 137 38 -51 60 -59 -108 -117 -118 -114 -246 22 -33 -44 97 147 853 26 225 171 -2 114 108 86 168 109 -17 25 -432 -53 -83 -300 -208 -224 156 151 115 97 134 -10 -97 -29 103 -295 69 -35 -37 248 89 -198 -12 16 -190 -322 89 158 -42 -344 114 -188 -72 -255 -209 17 134 319 -36 -73 223 264 -6 231 259 -132 275 322 104 135 -251 -330 -314 73 35 207 -240 200 240 -64 -146 50 -344 -25 239 -158 178 -134 143 -221
-40 2 -24 86 -228 132 -106 46 51 79 182 -30 139 -358 -66 196 183 -92 26 1033 86 -125 -143 82 -16 100 19 186 -112 117 -44 -86 52 325 -155 22 282 158 142 129 538 5 -38 36 -188 -145 23 79 1 -55 119 290 457 139 211 304 285 -75 -200 247 117 -223 454 -40 -371 -229 66 -44 -252 370 84 -264 198 130 102 -138 -10 182 -48 192 -94 -61 -148 602 171 -193 -190 56 -366 -412 -51 317 -25 -174 260 -153 -55 177 147 -131
-50 -11 76 115 -55 20 -45 -113 -53 171 99 -27 155 -138 -79 -75 -51 -160 225 86 803 162 -25 -190 -99 168 124 318 127 -162 -32 178 -177 -202 -267 122 -210 57 -112 40 122 -137 -8 136 206 -65 -86 -206 117 175 -375 164 -117 23 -284 -188 282 -26 -168 21 -158 -379 -64 -43 -205 21 50 -115 -257 -63 228 -39 -169 152 -224 44 20 -18 -91 353 221 -143 27 12 135 72 -86 -117 84 28 68 -41 -23 8 274 -227 156 94 98 98
35 -58 -64 -40 70 -63 170 117 128 -58 -91 41 -2 -96 -207 -183 116 67 171 -125 162 721 -61 93 -26 310 69 78 -221 -131 -58 92 -236 -54 -12 317 -170 136 -173 214 -196 -119 -206 129 260 251 114 -229 -90 200 93 19 -7 -21 88 7 331 80 170 103 -52 -196 -82 -82 26 278 60 97 -166 -58 315 -4 -247 -184 -30 -34 53 -14 -80 235 -233 116 -32 56 93 182 -89 189 163 60 24 -181 -117 474 -61 -67 -180 -119 -156 7
-50 43 -4 221 -28 84 -231 25 -353 -219 -122 -283 39 -73 392 33 -15 -113 -2 -143 -25 -61 937 -435 -362 38 -102 -144 -3 131 99 138 -124 217 -180 -82 -46 370 -236 -143 -112 56 282 40 -127 -29 224 123 -138 402 455 -278 45 -202 -130 -259 -95 12 62 491 52 83 -383 -44 -75 265 -76 219 288 -6 -197 -433 10 -56 200 3 -131 92 -133 -341 342 -360 117 -320 119 -266 199 -18 176 187 -69 -46 -11 109 -254 -35 293 101 27 -329
40 -47 -68 -133 -12 -55 212 19 229 40 -56 107 -121 -48 -404 11 150 418 114 82 -190 93 -435 777 170 -187 -43 77 10 187 -186 81 191 -114 53 13 63 -114 225 71 169 245 -39 -162 92 -12 -45 -19 -252 -204 -48 80 -105 357 -151 99 -123 248 -167 -450 -208 -84 242 94 279 -178 -38 8 -21 33 -69 144 -168 -15 62 -123 -67 83 -296 196 -342 137 -13 -48 -34 155 -17 156 -63 77 164 286 10 -105 144 -3 -161 -365 -222 15
-20 -71 60 19 -102 -18 231 -55 43 15 -35 104 -240 53 -183 -42 56 430 108 -16 -99 -26 -362 170 732 -263 -189 -61 -3 -29 -136 -436 55 -167 -17 22 -99 -282 139 122 118 168 82 -98 -115 -131 -118 185 21 -273 32 177 74 334 73 -270 0 51 -82 -135 52 -17 6 283 -3 -99 154 -56 -313 52 157 412 66 172 -191 148 -57 -80 153 33 -331 -131 3 -30 0 -46 -127 -32 -42 -127 245 -287 -208 28 168 301 -21 -164 139 63
20 35 -124 57 38 -30 48 33 -57 -165 -201 -140 204 36 21 -130 -126 -332 86 100 168 310 38 -187 -263 869 -81 48 -88 -35 -110 22 9 73 -46 139 -59 -99 2 49 -210 -309 -147 -72 79 -44 111 -239 217 170 -128 -59 -118 -188 74 262 70 -220 293 281 -82 -123 -72 -371 5 457 -83 150 -42 -101 139 54 -152 15 -226 17 35 -38 154 -30 32 138 -190 180 -27 -132 -5 169 -77 2 -118 66 32 371 55 -332 -129 68 -5 110
50 56 -48 -108 190 -107 -79 21 57 239 114 -44 -50 -23 78 -137 -192 -219 168 19 124 69 -102 -43 -189 -81 659 -123 -81 49 198 385 -70 38 -44 -280 216 -29 -132 106 27 -220 -245 72 222 248 -387 -126 70 8 -164 -49 -119 -154 46 -24 90 249 -18 -42 160 58 154 -84 -249 58 -10 -76 379 106 253 7 -224 -245 277 -111 207 214 52 279 28 254 -200 85 9 347 -141 -135 179 -58 -175 159 7 -266 48 -306 -145 43 66 32
-25 26 -40 108 -175 55 27 24 -69 -105 53 61 176 -78 -62 108 149 114 109 186 318 78 -144 77 -61 48 -123 841 91 172 -257 31 -57 -119 -153 278 157 133 -157 -47 -9 117 354 217 -14 -21 114 -55 10 -18 -59 131 -11 148 -45 133 110 -58 -340 -461 -194 -304 200 22 50 18 -326 -143 -99 86 -95 -36 186 55 -13 -73 53 -43 -241 131 30 -149 -86 159 53 18 -227 188 97 -218 39 216 16 -64 -74 149 154 -115 113 79
10 76 -56 -56 -46 -29 -78 -77 3 51 103 148 -33 216 -67 -18 -158 -63 -17 -112 127 -221 -3 10 -3 -88 -81 91 912 42 284 168 193 -19 147 -45 154 -54 133 -226 -201 107 -110 -183 -166 47 -272 -219 -25 133 -205 -184 -19 -101 -40 -5 7 -87 -112 -259 60 97 127 42 -93 -136 -136 -109 243 95 -483 351 -98 97 -100 -8 -314 -331 159 56 474 -234 -199 -120 -149 18 126 -301 76 159 78 109 -223 -423 198 -48 268 -282 251 151
-20 19 -28 49 -173 112 -16 12 -5 -145 -5 -15 199 -3 93 93 144 61 25 117 -162 -131 131 187 -29 -35 49 172 42 1206 -105 319 226 -173 -400 29 317 -140 334 56 -137 45 285 -204 -18 322 -143 -57 -128 44 180 -35 -84 0 -45 147 -58 84 185 -341 -287 -202 371 -31 241 209 -284 4 426 323 229 -27 85 246 141 84 -388 47 -56 -135 146 213 276 -516 52 132 264 39 -17 103 -169 301 -165 -159 126 -115 90 -426 -134 138
15 15 52 -181 73 28 -190 -96 125 274 173 20 81 -27 -31 6 -216 -216 -432 -44 -32 -58 99 -186 -136 -110 198 -257 284 -105 1007 349 165 248 266 6 -106 -29 -193 -95 -95 -273 -398 139 98 401 -339 -141 -151 -16 -26 55 -130 -191 30 -98 268 82 89 367 135 322 169 163 -88 -63 156 -123 80 211 -171 -122 -590 -178 -114 81 -315 -296 -52 80 309 21 86 -27 82 -29 133 -260 -30 157 160 -201 -7 -136 -190 -69 -195 68 54 169
45 99 -68 -133 148 -40 -184 -95 141 228 144 -117 58 -63 -212 39 -135 -265 -53 -86 178 92 138 81 -436 22 385 31 168 319 349 1169 -16 -50 -119 36 272 -118 37 112 -365 -291 -215 59 275 667 -527 -294 -386 148 38 -152 -582 -141 -278 84 187 328 82 -57 -186 129 128 34 -52 135 43 96 205 -231 -1 -295 -580 85 229 31 -335 -77 -632 287 333 160 35 -156 35 329 80 -166 157 328 6 298 110 143 29 -196 -79 -132 -164 356
20 -37 -20 -71 -29 25 74 124 20 -90 -84 46 19 19 73 0 -112 83 -83 52 -177 -236 -124 191 55 9 -70 -57 193 226 165 -16 1146 -169 231 -224 238 -90 292 211 294 -139 -4 -67 -229 -209 245 391 35 -83 57 -108 -214 12 150 -58 23 -105 227 158 -168 27 30 -88 569 -189 33 -217 94 182 -139 176 -192 178 -102 -37 -344 76 -64 321 71 200 18 148 10 -247 43 54 -272 130 110 64 165 -175 44 -134 355 -145 13 92
25 -44 -96 -18 59 -33 -7 195 5 54 -86 -74 131 -163 177 -193 -195 -181 -300 325 -202 -54 217 -114 -167 73 38 -119 -19 -173 248 -50 -169 1358 -42 -98 237 76 -567 -161 108 -87 12 55 273 -153 -13 261 18 -77 91 331 448 -73 460 132 -164 79 -9 314 -37 212 161 23 -538 -31 38 -300 417 397 -291 -407 -87 -115 25 7 101 -236 -175 -121 277 -245 -471 435 -180 -383 18 -38 -105 -72 207 31 165 -122 89 -67 -541 -116 99 64
50 -16 -48 -92 101 -44 39 203 141 -58 72 143 -68 23 68 -30 28 44 -208 -155 -267 -12 -180 53 -17 -46 -44 -153 147 -400 266 -119 231 -42 1244 -239 -101 237 -108 -164 16 -88 -412 -126 -344 325 195 136 -223 -177 127 -143 -297 74 301 -175 275 -115 -133 59 -357 -108 89 44 264 -116 101 -305 -268 76 -56 411 275 -250 113 -87 -20 43 270 149 -316 71 122 595 -210 436 -271 -68 -121 59 -9 -328 274 -16 -206 149 -20 272 383 404
-45 -54 136 -44 -159 124 -39 -108 81 1 125 209 90 -115 -249 165 212 87 -224 22 122 317 -82 13 22 139 -280 278 -45 29 6 36 -224 -98 -239 1278 -84 206 395 95 -121 118 -136 12 -143 261 242 20 -71 -10 -41 288 280 -328 -46 320 474 -419 235 143 21 -113 224 -72 101 232 -185 248 -274 -329 287 -211 -238 -221 -58 -104 -536 -215 -21 141 72 -3 366 -207 428 -16 349 373 -94 -110 58 77 -104 615 -239 224 -228 313 -302 -17
50 110 -192 38 0 -30 -39 194 1 -86 103 -136 -133 -17 231 17 -10 -27 156 282 -210 -170 -46 63 -99 -59 216 157 154 317 -106 272 238 237 -101 -84 1585 127 160 -164 134 32 -31 -432 -44 -105 -356 38 -53 -134 105 -90 111 -171 -86 57 48 -179 -125 -103 33 214 444 -104 -347 -124 -88 -126 559 363 152 21 138 -111 730 -240 254 539 -118 51 25 -106 -33 406 194 -310 -179 197 91 -170 -124 512 109 -129 186 -93 3 -100 27 -201
-30 -21 60 85 -50 98 -127 130 -157 -237 24 73 -22 -120 201 205 261 -5 151 158 57 136 370 -114 -282 -99 -29 133 -54 -140 -29 -118 -90 76 237 206 127 1230 141 -3 211 -106 -20 -14 -462 52 345 157 -326 348 182 144 330 -168 -109 -353 684 -139 -62 395 10 -234 170 -3 -179 -165 82 -1 -77 97 203 -158 -2 -232 358 -71 133 318 299 93 82 -419 -54 190 -22 87 -76 491 311 15 -215 -65 -99 412 -265 122 269 157 -271 -360
-35 13 124 -79 -129 145 -94 -239 130 -68 105 165 6 89 -202 360 203 -6 115 142 -112 -173 -236 225 139 2 -132 -157 133 334 -193 37 292 -567 -108 395 160 141 1696 -48 247 78 -400 -260 -543 -45 12 -121 -160 -129 118 4 -43 -60 -247 88 329 -446 152 27 -34 91 16 -231 315 -402 95 294 -78 -250 336 -139 -160 -53 55 57 -461 329 309 210 -119 -94 225 -230 39 114 235 454 -129 212 201 94 -255 438 -3 259 322 -25 -180 -113
-10 -94 64 -86 -62 55 137 -100 188 72 -44 19 70 -138 -168 -113 65 82 97 129 40 214 -143 71 122 49 106 -47 -226 56 -95 112 211 -161 -164 95 -164 -3 -48 1518 154 88 -143 -97 66 334 265 128 297 -269 -99 43 171 -198 109 -1 71 -3 17 -78 223 -63 122 -330 354 90 384 26 170 109 -21 307 -151 360 133 -193 -138 176 -293 263 113 420 -211 -90 43 274 -191 -183 -110 138 -230 -482 -110 523 193 -7 -236 -215 -473 280
-35 -68 32 102 -150 27 79 141 -136 39 28 32 -20 -285 133 21 70 226 134 538 122 -196 -112 169 118 -210 27 -9 -201 -137 -95 -365 294 108 16 -121 134 211 247 154 1324 65 -102 61 -142 -587 464 164 68 -165 86 392 154 374 -178 -171 -2 -41 -505 68 37 -186 172 -67 -161 -512 131 -191 -116 201 111 -248 83 -258 217 -183 70 215 17 458 -161 -382 246 258 262 -76 -360 104 -441 -156 -32 -172 80 -311 263 -256 108 176 -88 -308
-40 -7 -12 75 -212 19 67 -88 -115 -50 -40 50 -184 51 -12 -74 53 453 -10 5 -137 -119 56 245 168 -309 -220 117 107 45 -273 -291 -139 -87 -88 118 32 -106 78 88 65 1610 269 -231 -175 -99 -55 138 356 -139 57 -139 247 57 -6 27 -543 -222 -264 -235 149 -77 -294 -113 504 -19 -637 -271 276 59 -374 101 674 24 -115 -11 99 459 -334 -330 -135 149 42 46 94 -224 -11 304 120 10 269 -38 -96 -70 -338 600 90 -159 368 -234
-30 69 -52 219 -149 9 13 105 -370 -194 -72 -135 34 45 317 48 -7 174 -97 -38 -8 -206 282 -39 82 -147 -245 354 -110 285 -398 -215 -4 12 -412 -136 -31 -20 -400 -143 -102 269 1549 131 -186 -279 -36 31 -78 -29 40 -53 64 231 44 -22 -503 305 -149 99 -399 -126 -10 147 -119 15 -501 -88 23 -185 -123 0 191 216 -264 277 108 -291 -9 -104 51 -253 -91 -475 -96 -438 -63 58 301 -9 -185 220 7 10 -210 158 264 -231 -63 33
0 -54 72 -82 68 -19 -54 59 -103 109 -9 138 90 -71 -21 78 -105 -95 -29 36 136 129 40 -162 -98 -72 72 217 -183 -204 139 59 -67 55 -126 12 -432 -14 -260 -97 61 -231 131 1549 296 -358 63 -219 185 253 196 -10 254 -114 485 59 -287 679 -229 -220 279 72 10 168 -61 -286 -46 183 -284 -238 -440 -385 -151 -113 -441 230 109 -111 -133 44 -93 -159 -327 -229 -119 159 -369 -61 -18 -378 -102 49 -207 -126 -338 184 -2 -168 -122 241
45 -72 -48 -94 140 -77 190 41 238 126 -79 -67 90 -74 -114 -237 -116 -77 103 -188 206 260 -127 92 -115 79 222 -14 -166 -18 98 275 -229 273 -344 -143 -44 -462 -543 66 -142 -175 -186 296 1663 -268 -7 -433 76 -191 -510 -259 17 -419 136 174 -340 456 112 -598 -314 86 -61 -146 -225 -211 113 -48 160 182 83 -354 -518 446 -134 72 183 -221 -703 -5 310 209 116 -51 -51 -16 -154 -172 -158 140 56 -9 135 -34 457 -127 -358 -458 1 440
20 71 20 -163 -5 28 -124 -133 170 122 228 158 135 79 -169 122 111 -137 -295 -145 -65 251 -29 -12 -131 -44 248 -21 47 322 401 667 -209 -153 325 261 -105 52 -45 334 -587 -99 -279 -358 -268 1657 -415 -209 -533 -1 238 244 -358 91 74 -4 678 110 380 138 -5 -199 144 67 366 473 149 -280 27 3 272 57 28 -81 176 68 -286 -204 -186 200 228 317 181 -14 -20 550 -116 -326 261 169 -1 -414 64 217 -248 175 -285 107 -163 374
-50 -101 84 149 -143 144 51 169 -52 -325 -60 75 196 -155 222 108 423 100 69 23 -86 114 224 -45 -118 111 -387 114 -272 -143 -339 -527 245 -13 195 242 -356 345 12 265 464 -55 -36 63 -7 -415 1944 737 104 48 370 -60 -55 -129 -140 313 179 -202 54 112 -59 -515 -74 -352 242 161 269 313 -209 87 -173 -168 540 -19 126 64 -20 -75 -120 184 -153 153 460 371 432 -27 263 170 -371 -215 5 -248 62 195 -213 -6 -67 129 81 -240
-45 -99 116 101 -54 86 38 59 -48 -75 -58 -66 -62 -171 155 60 119 216 -35 79 -206 -229 123 -19 185 -239 -126 -55 -219 -57 -141 -294 391 261 136 20 38 157 -121 128 164 138 31 -219 -433 -209 737 1675 -55 -117 448 242 -368 120 -123 -63 192 -326 -221 563 -118 -255 -249 -45 101 294 372 54 -63 134 203 210 530 -21 344 -301 -451 245 15 51 131 158 -63 508 251 -169 312 66 100 -308 307 -207 285 94 -392 70 -26 232 277 -208
-5 -29 -12 47 31 -30 58 10 -59 6 -131 -98 57 48 210 -280 -240 -102 -37 1 117 -90 -138 -252 21 217 70 10 -25 -128 -151 -386 35 18 -223 -71 -53 -326 -160 297 68 356 -78 185 76 -533 104 -55 1437 -39 -465 -167 377 -153 414 527 -411 -354 275 -100 502 251 -109 -274 -51 208 -410 123 150 -168 -258 76 179 -16 -430 95 397 436 362 -397 46 407 -146 0 -8 12 263 -154 -166 -315 -89 226 53 -47 126 94 6 118 118 24
-10 32 8 68 79 -2 -134 7 -123 -108 -61 -50 -2 81 14 41 122 -225 248 -55 175 200 402 -204 -273 170 8 -18 133 44 -16 148 -83 -77 -177 -10 -134 348 -129 -269 -165 -139 -29 253 -191 -1 48 -117 -39 1579 265 -410 -5 308 39 -48 -34 49 589 434 477 -283 -150 200 -237 120 29 -79 -228 -141 -104 -252 85 236 -226 -7 119 -160 415 -281 452 -273 -132 -59 253 225 -302 216 113 -32 -287 134 -368 -157 -159 -366 424 -115 75 28
-5 -11 -36 133 -33 63 -22 230 -52 -269 -30 -116 -171 -187 16 179 358 184 89 119 -375 93 455 -48 32 -128 -164 -59 -205 180 -26 38 57 91 127 -41 105 182 118 -99 86 57 40 196 -510 238 370 448 -465 265 1976 150 -102 414 119 -299 489 -46 -237 380 258 -105 -259 48 399 -163 583 167 -59 -149 -228 -60 561 -31 358 -102 -406 36 10 113 -827 -564 -308 -2 348 18 -170 124 195 -72 220 -251 -459 150 -351 346 39 2 -33 -425
-20 -53 76 -47 -130 -1 92 20 -52 116 62 241 77 -46 -91 21 -24 66 -198 290 164 19 -278 80 177 -59 -49 131 -184 -35 55 -152 -108 331 -143 288 -90 144 4 43 392 -139 -53 -10 -259 244 -60 242 -167 -410 150 1562 64 335 -376 -258 734 -101 -174 91 -289 -240 101 227 15 -67 240 -420 -271 124 276 163 -21 -91 59 111 -24 -320 -16 393 -298 -158 -45 -159 -138 -188 -6 11 198 -70 155 -377 183 162 167 244 -388 -168 -634 -436
-45 -90 72 24 -129 126 -83 50 34 -27 47 111 61 -145 106 62 160 -14 -12 457 -117 -7 45 -105 74 -118 -119 -11 -19 -84 -130 -582 -214 448 -297 280 111 330 -43 171 154 247 64 254 17 -358 -55 -368 377 -5 -102 64 1988 -473 758 165 122 -223 413 -32 477 345 264 -307 -191 -233 -17 -28 334 255 -187 -363 291 -44 -184 -198 180 278 178 -507 -60 -57 -275 -16 79 -484 89 -98 -201 -250 -174 233 -447 -112 617 192 6 224 -316 -389
-5 -11 -44 93 -77 -29 189 12 17 9 -59 -112 -2 -85 -230 58 189 340 16 139 23 -21 -202 357 334 -188 -154 148 -101 0 -191 -141 12 -73 74 -328 -171 -168 -60 -198 374 57 231 -114 -419 91 -129 120 -153 308 414 335 -473 2103 -82 -235 -70 199 -561 292 -115 -138 -92 456 -25 -26 -13 -246 -554 -60 -239 -120 -42 30 161 137 150 49 -187 647 -83 -705 -155 291 -212 127 -311 -114 -282 104 346 72 130 -359 -13 83 94 -240 -165 133
30 -78 -40 -86 26 24 39 241 118 -143 -53 168 52 -73 76 -79 -11 -65 -190 211 -284 88 -130 -151 73 74 46 -45 -40 -45 30 -278 150 460 301 -46 -86 -109 -247 109 -178 -6 44 485 136 74 -140 -123 414 39 119 -376 758 -82 2357 156 -128 -55 191 -40 331 129 369 -411 -171 -295 -64 -31 113 127 -65 -507 61 430 -416 -125 -201 -181 259 -459 -252 -280 -558 384 -472 59 -239 -315 -95 -271 -215 80 -222 -21 -195 333 -142 169 258 473
40 70 -80 -134 -31 31 -72 23 224 53 179 75 209 -34 -59 90 45 -309 -322 304 -188 7 -259 99 -270 262 -24 133 -5 147 -98 84 -58 132 -175 320 57 -353 88 -1 -171 27 -22 59 174 -4 313 -63 527 -48 -299 -258 165 -235 156 1990 -185 -454 602 -74 19 168 291 -353 -152 155 -254 392 -103 -374 -52 -209 323 -504 -349 -27 -172 -179 -71 -11 284 578 301 438 181 -60 503 117 -425 -351 0 451 203 177 -154 -276 -192 54 -33 28
-25 -19 100 -3 -66 111 -128 37 129 0 253 165 -35 -167 -147 180 269 -103 89 285 282 331 -95 -123 0 70 90 110 7 -58 268 187 23 -164 275 474 48 684 329 71 -2 -543 -503 -287 -340 678 179 192 -411 -34 489 734 122 -70 -128 -185 2295 -552 471 671 -250 -619 -10 -149 -145 7 687 139 -477 46 643 -54 -204 -41 246 105 -394 -304 167 826 -171 -179 141 147 109 503 333 291 145 191 255 -70 -79 733 326 85 332 465 -334 -265
50 47 -76 -95 126 -155 35 55 -72 189 4 23 -132 52 -135 -25 -126 62 158 -75 -26 80 12 248 51 -220 249 -58 -87 84 82 328 -105 79 -115 -419 -179 -139 -446 -3 -41 -222 305 679 456 110 -202 -326 -354 49 -46 -101 -223 199 -55 -454 -552 1946 -234 -629 123 200 104 568 -427 -14 109 122 190 291 -454 -76 -473 66 -278 970 447 -423 -346 173 -151 -102 -145 -218 -34 461 -442 -552 -28 -327 -325 159 35 -495 12 66 -243 -396 -187 445
10 22 56 -66 162 38 -191 -51 89 -27 10 -54 -23 144 84 -25 -29 -326 -42 -200 -168 170 62 -167 -82 293 -18 -340 -112 185 89 82 227 -9 -133 235 -125 -62 152 17 -505 -264 -149 -229 112 380 54 -221 275 589 -237 -174 413 -561 191 602 471 -234 2584 466 235 19 -235 -114 319 246 -141 212 -290 -299 119 -250 -109 -2 -638 308 160 -393 -49 -411 422 448 509 159 131 250 454 309 -258 197 47 -81 303 384 103 -85 35 94 -195 183
-30 6 56 102 4 92 -168 41 -127 -13 18 -257 95 -216 204 126 -31 -315 -344 247 21 103 491 -450 -135 281 -42 -461 -259 -341 367 -57 158 314 59 143 -103 395 27 -78 68 -235 99 -220 -598 138 112 563 -100 434 380 91 -32 292 -40 -74 671 -629 466 2754 163 -471 -469 -63 100 409 -1 397 -559 -61 401 -344 -432 -566 -151 -268 -487 370 87 168 345 129 -117 449 210 -565 221 447 209 304 377 -523 360 653 -593 -360 -120 660 439 -353
5 92 24 -82 78 -48 -160 -215 -117 88 14 -11 -242 172 -84 118 -80 -120 114 117 -158 -52 52 -208 52 -82 160 -194 60 -287 135 -186 -168 -37 -357 21 33 10 -34 223 37 149 -399 279 -314 -5 -59 -118 502 477 258 -289 477 -115 331 19 -250 123 235 163 2345 327 -338 -17 82 -31 -3 581 147 -213 -325 -140 304 -316 -36 -33 424 -11 155 -467 194 36 -352 156 155 -116 -249 140 94 -404 -3 129 -373 -792 -222 -94 -131 397 -18 -599
50 83 -76 -99 137 -43 -24 -104 55 -40 -53 -180 -150 133 73 48 -198 -64 -188 -223 -379 -196 83 -84 -17 -123 58 -304 97 -202 322 129 27 212 -108 -113 214 -234 91 -63 -186 -77 -126 72 86 -199 -515 -255 251 -283 -105 -240 345 -138 129 168 -619 200 19 -471 327 2032 -156 -62 -397 49 -15 243 252 -465 -401 -183 -533 -109 186 394 314 -142 -86 -509 159 -386 -319 2 -81 -279 191 -409 -135 -162 -121 186 328 -104 -21 17 -123 -162 -274 -231
15 -12 0 -118 -64 49 -48 81 224 191 248 175 175 -151 -105 92 151 -60 -72 454 -64 -82 -383 242 6 -72 154 200 127 371 169 128 30 161 89 224 444 170 16 122 172 -294 -10 10 -61 144 -74 -249 -109 -150 -259 101 264 -92 369 291 -10 104 -235 -469 -338 -156 2314 123 -230 -33 0 -28 -36 97 -88 295 66 61 212 -313 -304 227 -65 144 -393 -291 -66 83 99 -54 8 -133 -413 -118 -427 448 -392 -394 489 -217 -598 -257 -160 534
10 -5 12 -27 47 -89 22 57 -53 192 36 20 -167 37 -148 -25 -96 168 -255 -40 -43 -82 -44 94 283 -371 -84 22 42 -31 163 34 -88 23 44 -72 -104 -3 -231 -330 -67 -113 147 168 -146 67 -352 -45 -274 200 48 227 -307 456 -411 -353 -149 568 -114 -63 -17 -62 123 1956 -278 108 -74 -97 -479 148 -16 -188 -56 59 71 351 139 -254 -293 32 -24 241 306 -340 436 33 -339 -64 57 383 -234 130 -47 -319 -91 311 196 -282 233 159
-10 -67 68 -109 -95 88 110 -116 94 -129 -128 108 178 42 -134 75 77 250 -209 -371 -205 26 -75 279 -3 5 -249 50 -93 241 -88 -52 569 -538 264 101 -347 -179 315 354 -161 504 -119 -61 -225 366 242 101 -51 -237 399 15 -191 -25 -171 -152 -145 -427 319 100 82 -397 -230 -278 2452 -29 -305 -393 151 -10 -182 402 268 -331 -262 -591 -237 193 -389 45 -358 782 145 -151 -182 -317 -371 494 -212 547 300 -851 190 -436 -115 249 -192 -177 -217 -1
0 90 -96 118 19 -27 -20 -93 -199 -142 -159 -261 66 17 117 -105 -108 -32 17 -229 21 278 265 -178 -99 457 58 18 -136 209 -63 135 -189 -31 -116 232 -124 -165 -402 90 -512 -19 15 -286 -211 473 161 294 208 120 -163 -67 -233 -26 -295 155 7 -14 246 409 -31 49 -33 108 -29 2064 -409 343 12 -70 227 94 6 -473 -23 -3 -265 111 -129 -273 511 218 309 -50 226 159 199 -128 252 157 -418 184 364 171 -258 -276 -141 24 64 -96
-20 -98 152 -70 35 65 36 -107 279 134 80 56 36 -56 -238 77 258 -99 134 66 50 60 -76 -38 154 -83 -10 -326 -136 -284 156 43 33 38 101 -185 -88 82 95 384 131 -637 -501 -46 113 149 269 372 -410 29 583 240 -17 -13 -64 -254 687 109 -141 -1 -3 -15 0 -74 -305 -409 2139 146 -143 169 212 110 146 238 135 238 -289 -205 19 160 -159 -254 -455 -45 181 42 -106 -380 -64 7 226 -363 -459 406 427 -307 -213 -55 -373 -56
-15 39 28 47 76 53 -130 -171 -13 -94 -64 -218 -169 -53 -137 231 124 -12 319 -44 -115 97 219 8 -56 150 -76 -143 -109 4 -123 96 -217 -300 -305 248 -126 -1 294 26 -191 -271 -88 183 -48 -280 313 54 123 -79 167 -420 -28 -246 -31 392 139 122 212 397 581 243 -28 -97 -393 343 146 2347 -664 -522 252 -412 -130 -111 69 62 -265 29 -395 -107 72 -203 78 -32 155 193 632 226 -175 142 -21 368 -142 116 -345 -417 -109 933 63 -376
50 65 -164 -65 100 -102 -50 82 -156 -41 -169 -72 25 189 348 -310 -364 -65 -36 -252 -257 -166 288 -21 -313 -42 379 -99 243 426 80 205 94 417 -268 -274 559 -77 -78 170 -116 276 23 -284 160 27 -209 -63 150 -228 -59 -271 334 -554 113 -103 -477 190 -290 -559 147 252 -36 -479 151 12 -143 -664 2612 748 -512 68 68 -322 443 -239 121 233 165 -368 254 550 -329 -765 -63 115 134 -570 459 -165 -241 166 -272 -295 321 190 144 -806 -350 -206
-5 -74 -40 16 -119 84 54 172 134 -39 18 20 147 -156 93 -86 80 34 -73 370 -63 -58 -6 33 52 -101 106 86 95 323 211 -231 182 397 76 -329 363 97 -250 109 201 59 -185 -238 182 3 87 134 -168 -141 -149 124 255 -60 127 -374 46 291 -299 -61 -213 -465 97 148 -10 -70 169 -522 748 2297 -283 7 51 199 612 60 59 149 -130 -27 -88 357 120 35 -55 241 -329 -266 -298 -224 61 -261 -43 -392 426 -485 65 -427 230 163
-20 -26 88 42 -47 58 87 -55 50 -54 64 2 13 -99 89 33 130 -29 223 84 228 315 -197 -69 157 139 253 -95 -483 229 -171 -1 -139 -291 -56 287 152 203 336 -21 111 -374 -123 -440 83 272 -173 203 -258 -104 -228 276 -187 -239 -65 -52 643 -454 119 401 -325 -401 -88 -16 -182 227 212 252 -512 -283 2717 -227 -44 -13 79 -264 -487 27 176 414 -128 496 642 55 -2 -126 -181 645 221 262 -141 -468 -85 138 217 -87 -435 616 240 29
40 43 -68 -71 -16 -112 222 -40 82 29 46 157 -144 257 -36 -182 -92 142 264 -264 -39 -4 -433 144 412 54 7 -36 351 -27 -122 -295 176 -407 411 -211 21 -158 -139 307 -248 101 0 -385 -354 57 -168 210 76 -252 -60 163 -363 -120 -507 -209 -54 -76 -250 -344 -140 -183 295 -188 402 94 110 -412 68 7 -227 2548 324 140 -113 -101 109 346 909 49 -312 2 -890 -36 -302 284 -246 -194 117 -110 -177 -466 -633 -173 81 -197 -178 -495 67 201
-50 7 12 217 -186 85 -42 153 -118 -194 120 80 79 18 368 82 327 65 -6 198 -169 -247 10 -168 66 -152 -224 186 -98 85 -590 -580 -192 -87 275 -238 138 -2 -160 -151 83 674 191 -151 -518 28 540 530 179 85 561 -21 291 -42 61 323 -204 -473 -109 -432 304 -533 66 -56 268 6 146 -130 68 51 -44 324 2824 143 411 -333 427 655 163 -456 -187 345 132 672 149 -257 -294 -39 -468 -314 14 44 76 -596 201 177 426 514 583 -80
-50 -74 96 86 -101 124 64 -116 137 -140 -72 -26 -20 47 -140 72 163 10 231 130 152 -184 -56 -15 172 15 -245 55 97 246 -178 85 178 -115 -250 -221 -111 -232 -53 360 -258 24 216 -113 446 -81 -19 -21 -16 236 -31 -91 -44 30 430 -504 -41 66 -2 -566 -316 -109 61 59 -331 -473 238 -111 -322 199 -13 140 143 2657 111 374 -190 -22 -275 -48 -24 -126 -183 -23 -153 -132 -335 -409 -43 130 -180 -96 -528 17 442 269 571 -350 139 696
20 62 -96 98 39 13 -37 101 -32 -182 14 -228 -187 -100 271 80 182 122 259 102 -224 -30 200 62 -191 -226 277 -13 -100 141 -114 229 -102 25 113 -58 730 358 55 133 217 -115 -264 -441 -134 176 126 344 -430 -226 358 59 -184 161 -416 -349 246 -278 -638 -151 -36 186 212 71 -262 -23 135 69 443 612 79 -113 411 111 2848 -826 -351 928 -676 567 -11 30 -171 -294 162 128 -95 -43 86 8 -25 204 417 -159 289 -124 492 -301 3 55
15 24 32 -26 29 -80 69 67 -43 23 38 151 -81 262 -49 -31 -42 -164 -132 -138 44 -34 3 -123 148 17 -111 -73 -8 84 81 31 -37 7 -87 -104 -240 -71 57 -193 -183 -11 277 230 72 68 64 -301 95 -7 -102 111 -198 137 -125 -27 105 970 308 -268 -33 394 -313 351 -591 -3 238 62 -239 60 -264 -101 -333 374 -826 2977 697 -1151 5 275 -245 -258 12 110 8 103 183 32 252 -315 29 275 71 92 -148 210 -240 -225 -222 185
30 48 -120 100 112 -140 87 116 -177 -72 -121 -102 -71 168 293 -162 -44 -4 275 -10 20 53 -131 -67 -57 35 207 53 -314 -388 -315 -335 -344 101 -20 -536 254 133 -461 -138 70 99 108 109 183 -286 -20 -451 397 119 -406 -24 180 150 -201 -172 -394 447 160 -487 424 314 -304 139 -237 -265 -289 -265 121 59 -487 109 427 -190 -351 697 2947 96 488 -542 -233 376 -303 816 -64 -64 -211 163 -121 -514 -583 325 278 -249 -13 -78 -367 -24 -57 -517
-35 -41 -4 167 -7 96 -21 -37 -15 -85 -115 -362 39 -232 211 51 156 172 322 182 -18 -14 92 83 -80 -38 214 -43 -331 47 -296 -77 76 -236 43 -215 539 318 329 176 215 459 -291 -111 -221 -204 -75 245 436 -160 36 -320 278 49 -181 -179 -304 -423 -393 370 -11 -142 227 -254 193 111 -205 29 233 149 27 346 655 -22 928 -1151 96 3237 -140 -560 -289 360 -127 294 32 -262 326 -9 -233 -458 297 191 -138 474 -157 151 233 274 497 -166
5 2 40 24 54 -36 -19 156 -53 -93 60 201 -57 210 207 -55 82 -183 104 -48 -91 -80 -133 -296 153 154 52 -241 159 -56 -52 -632 -64 -175 270 -21 -118 299 309 -293 17 -334 -9 -133 -703 -186 -120 15 362 415 10 -16 178 -187 259 -71 167 -346 -49 87 155 -86 -65 -293 -389 -129 19 -395 165 -130 176 909 163 -275 -676 5 488 -140 3473 -232 -437 -371 -22 -437 -239 620 -59 -344 -19 -704 -1090 -598 -750 4 -231 -100 228 558 -179 -207
35 -31 4 -111 33 -91 87 171 150 289 227 209 -43 -152 -192 -111 -17 -44 135 192 353 235 -341 196 33 -30 279 131 56 -135 80 287 321 -121 149 141 51 93 210 263 458 -330 -104 44 -5 200 184 51 -397 -281 113 393 -507 647 -459 -11 826 173 -411 168 -467 -509 144 32 45 -273 160 -107 -368 -27 414 49 -456 -48 567 275 -542 -560 -232 2771 -4 -67 246 444 -47 513 -272 184 -146 530 523 -238 -2 -338 177 -123 79 -172 15 454
-35 58 56 -24 -57 73 -205 -246 -109 141 65 -32 401 112 238 68 -232 -408 -251 -94 221 -233 342 -342 -331 32 28 30 474 146 309 333 71 277 -316 72 25 82 -119 113 -161 -135 51 -93 310 228 -153 131 46 452 -827 -298 -60 -83 -252 284 -171 -151 422 345 194 159 -393 -24 -358 511 -159 72 254 -88 -128 -312 -187 -24 -11 -245 -233 -289 -437 -4 3517 8 -230 37 -107 303 210 -170 -6 332 -180 136 97 -334 155 -172 480 -89 -331 69
45 -45 -12 -197 88 -40 90 12 222 132 -33 77 165 94 5 -167 -153 -139 -330 -61 -143 116 -360 137 -131 138 254 -149 -234 213 21 160 200 -245 71 -3 -106 -419 -94 420 -382 149 -253 -159 209 317 153 158 407 -273 -564 -158 -57 -705 -280 578 -179 -102 448 129 36 -386 -291 241 782 218 -254 -203 550 357 496 2 345 -126 30 -258 376 360 -371 -67 8 3116 277 12 379 -124 320 -357 341 177 -117 -235 305 295 189 7 -168 258 557 332
-50 -38 144 98 -56 136 -159 49 100 63 235 -69 13 -219 16 108 277 89 -314 -148 27 -32 117 -13 3 -190 -200 -86 -199 276 86 35 18 -471 122 366 -33 -54 225 -211 246 42 -91 -327 116 181 460 -63 -146 -132 -308 -45 -275 -155 -558 301 141 -145 509 -117 -352 -319 -66 306 145 309 -455 78 -329 120 642 -890 132 -183 -171 12 -303 -127 -22 246 -230 277 2979 90 353 168 386 -29 -300 198 35 -361 932 -40 -148 43 398 154 -126 10
35 -4 -96 42 16 -13 56 281 221 6 195 20 -19 -263 -36 44 198 -166 73 602 12 56 -320 -48 -30 180 85 159 -120 -516 -27 -156 148 435 595 -207 406 190 -230 -90 258 46 -475 -229 -51 -14 371 508 0 -59 -2 -159 -16 291 384 438 147 -218 159 449 156 2 83 -340 -151 -50 -45 -32 -765 35 55 -36 672 -23 -294 110 816 294 -437 444 37 12 90 3769 59 -619 -180 405 -437 -268 346 -82 546 -256 -463 -406 -221 690 907 282
-40 -16 56 120 -64 54 -81 26 -35 90 113 -117 -41 -209 2 34 171 87 35 171 135 93 119 -34 0 -27 9 53 -149 52 82 35 10 -180 -210 428 194 -22 39 43 262 94 -96 -119 -51 -20 432 251 -8 253 348 -138 79 -212 -472 181 109 -34 131 210 155 -81 99 436 -182 226 181 155 -63 -55 -2 -302 149 -153 162 8 -64 32 -239 -47 -107 379 353 59 2336 -29 -241 338 333 -332 -129 -112 -313 336 -144 256 361 307 157 -311
35 -31 44 -119 204 -66 -33 53 226 137 118 138 -154 -34 -207 -77 82 -2 207 -193 72 182 -266 155 -46 -132 347 18 18 132 -29 329 -247 -383 436 -16 -310 87 114 274 -76 -224 -438 159 -16 550 -27 -169 12 225 18 -188 -484 127 59 -60 503 461 250 -565 -116 -279 -54 33 -317 159 42 193 115 241 -126 284 -257 -132 128 103 -64 -262 620 513 303 -124 168 -619 -29 3146 -4 -610 -107 -238 -599 -219 -61 356 -327 -113 -296 -144 -150 738
-30 -66 104 -18 25 76 -131 -31 137 100 41 -1 90 -8 -29 -55 46 -106 -240 -190 -86 -89 199 -17 -127 -5 -141 -227 126 264 133 80 43 18 -271 349 -179 -76 235 -191 -360 -11 -63 -369 -154 -116 263 312 263 -302 -170 -6 89 -311 -239 503 333 -442 454 221 -249 191 8 -339 -371 199 -106 632 134 -329 -181 -246 -294 -335 -95 183 -211 326 -59 -272 210 320 386 -180 -241 -4 3008 -327 -187 -238 331 861 148 435 113 89 -147 254 -20 -702
5 2 -8 24 -33 11 92 44 -59 -236 -101 32 -125 34 -24 91 167 119 200 56 -117 189 -18 156 -32 169 -135 188 -301 39 -260 -166 54 -38 -68 373 197 491 454 -183 104 304 58 -61 -172 -326 170 66 -154 216 124 11 -98 -114 -315 117 291 -552 309 447 140 -409 -133 -64 494 -128 -380 226 -570 -266 645 -194 -39 -409 -43 32 163 -9 -344 184 -170 -357 -29 405 338 -610 -327 3134 133 134 565 95 -431 429 -641 59 223 36 -344 -755
25 46 -24 -4 151 -123 23 -17 -207 -116 -167 -1 -278 240 19 -57 -151 61 240 -366 84 163 176 -63 -42 -77 179 97 76 -17 -30 157 -272 -105 -121 -94 91 311 -129 -110 -441 120 301 -18 -158 261 -371 100 -166 113 195 198 -201 -282 -95 -425 145 -28 -258 209 94 -135 -413 57 -212 252 -64 -175 459 -298 221 117 -468 -43 86 252 -121 -233 -19 -146 -6 341 -300 -437 333 -107 -187 133 2832 -37 -27 -403 -297 695 -422 715 414 -842 -89 -348
5 -25 44 -97 106 28 -61 -153 141 82 -57 -96 82 14 -97 -79 -131 -81 -64 -412 28 60 187 77 -127 2 -58 -218 159 103 157 328 130 -72 59 -110 -170 15 212 138 -156 10 -9 -378 140 169 -215 -308 -315 -32 -72 -70 -250 104 -271 -351 191 -327 197 304 -404 -162 -118 383 547 157 7 142 -165 -224 262 -110 -314 130 8 -315 -514 -458 -704 530 332 177 198 -268 -332 -238 -238 134 -37 2937 265 -150 25 364 230 -161 -130 -306 21 400
-30 -93 68 5 -27 43 79 -130 157 127 -62 -77 52 -113 -286 -13 21 209 -146 -51 68 24 -69 164 245 -118 -175 39 78 -169 160 6 110 207 -9 58 -124 -215 201 -230 -32 269 -185 -102 56 -1 5 307 -89 -287 220 155 -174 346 -215 0 255 -325 47 377 -3 -121 -427 -234 300 -418 226 -21 -241 61 -141 -177 14 -180 -25 29 -583 297 -1090 523 -180 -117 35 346 -129 -599 331 565 -27 265 2896 302 205 94 88 -190 193 200 514 -546
20 89 -124 11 43 -23 -173 22 -18 84 30 -170 -37 -91 -74 38 -64 -41 50 317 -41 -181 -46 286 -287 66 159 216 109 301 -201 298 64 31 -328 77 512 -65 94 -482 -172 -38 220 49 -9 -414 -248 -207 226 134 -251 -377 233 72 80 451 -70 159 -81 -523 129 186 448 130 -851 184 -363 368 166 -261 -468 -466 44 -96 204 275 325 191 -598 -238 136 -235 -361 -82 -112 -219 861 95 -403 -150 302 3245 11 -194 354 -249 286 301 -423 -373
15 60 -56 42 20 29 -55 33 22 -15 74 -214 108 -169 182 43 -78 -66 -344 -25 -23 -117 -11 10 -208 32 7 16 -223 -165 -7 110 165 165 274 -104 109 -99 -255 -110 80 -96 7 -207 135 64 62 285 53 -368 -459 183 -447 130 -222 203 -79 35 303 360 -373 328 -392 -47 190 364 -459 -142 -272 -43 -85 -633 76 -528 417 71 278 -138 -750 -2 97 305 932 546 -313 -61 148 -431 -297 25 205 11 3421 -42 -1 -96 -28 -134 356 228
-10 -94 80 18 32 74 114 17 86 -267 -174 -51 -110 -81 -164 32 151 57 -25 -174 8 474 109 -105 28 371 -266 -64 -423 -159 -136 143 -175 -122 -16 615 -129 412 438 523 -311 -70 10 -126 -34 217 195 94 -47 -157 150 162 -112 -359 -21 177 733 -495 384 653 -792 -104 -394 -319 -436 171 406 116 -295 -392 138 -173 -596 17 -159 92 -249 474 4 -338 -334 295 -40 -256 336 356 435 429 695 364 94 -194 -42 3667 -759 194 -4 51 -608 79
-5 -65 -36 27 -7 -18 87 16 155 165 -15 -46 78 -97 -100 -195 -85 -41 239 260 274 -61 -254 144 168 55 48 -74 198 126 -190 29 44 89 -206 -239 186 -265 -3 193 263 -338 -210 -338 457 -248 -213 -392 126 -159 -351 167 617 -13 -195 -154 326 12 103 -593 -222 -21 489 -91 -115 -258 427 -345 321 426 217 81 201 442 289 -148 -13 -157 -231 177 155 189 -148 -463 -144 -327 113 -641 -422 230 88 354 -1 -759 3607 -195 399 -338 -387 265
-35 -23 76 -11 -124 64 -41 -80 -71 -48 33 164 -107 104 -26 105 49 299 -158 -153 -227 -67 -35 -3 301 -332 -306 149 -48 -115 -69 -196 -134 -67 149 224 -93 122 259 -7 -256 600 158 184 -127 175 -6 70 94 -366 346 244 192 83 333 -276 85 66 -85 -360 -94 17 -217 311 249 -276 -307 -417 190 -485 -87 -197 177 269 -124 210 -78 151 -100 -123 -172 7 43 -406 256 -113 89 59 715 -161 -190 -249 -96 194 -195 3704 -10 -524 -84 279
-35 67 -12 187 -108 58 -92 42 -275 -294 -29 -64 -161 60 208 130 39 103 178 -55 156 -180 293 -161 -21 -129 -145 154 268 90 -195 -79 355 -541 -20 -228 3 269 322 -236 108 90 264 -2 -358 -285 -67 -26 6 424 39 -388 6 94 -142 -192 332 -243 35 -120 -131 -123 -598 196 -192 -141 -213 -109 144 65 -435 -178 426 571 492 -240 -367 233 228 79 480 -168 398 -221 361 -296 -147 223 414 -130 193 286 -28 -4 399 -10 3904 465 -140 -262
-50 -11 140 91 37 82 -244 -33 -52 114 163 -79 4 -212 82 187 80 -194 -134 177 94 -119 101 -365 -164 68 43 -115 -282 -426 68 -132 -145 -116 272 313 -100 157 -25 -215 176 -159 -231 -168 -458 107 129 232 118 -115 2 -168 224 -240 169 54 465 -396 94 660 397 -162 -257 -282 -177 24 -55 933 -806 -427 616 -495 514 -350 -301 -225 -24 274 558 -172 -89 258 154 690 307 -144 254 36 -842 -306 200 301 -134 51 -338 -524 465 3949 407 -638
-20 46 -72 170 -50 -4 -51 30 -79 -10 63 -108 -48 -8 206 -80 -84 -12 143 147 98 -156 27 -222 139 -5 66 113 251 -134 54 -164 13 99 383 -302 27 -271 -180 -473 -88 368 -63 -122 1 -163 81 277 118 75 -33 -634 -316 -165 258 -33 -334 -187 -195 439 -18 -274 -160 233 -217 64 -373 63 -350 230 240 67 583 139 3 -222 -57 497 -179 15 -331 557 -126 907 157 -150 -20 -344 -89 21 514 -423 356 -608 -387 -84 -140 407 3355 800
20 -28 24 -100 72 34 13 -40 276 140 99 -5 218 -33 -63 -67 -100 -155 -221 -131 98 7 -329 15 63 110 32 79 151 138 169 356 92 64 404 -17 -201 -360 -113 280 -308 -234 33 241 440 374 -240 -208 24 28 -425 -436 -389 133 473 28 -265 445 183 -353 -599 -231 534 159 -1 -96 -56 -376 -206 163 29 201 -80 696 55 185 -517 -166 -207 454 69 332 10 282 -311 738 -702 -755 -348 400 -546 -373 228 79 265 279 -262 -638 800 3842
