36 30 -30 -18 -18 -6 -12 -60 -48 -24 -60 -54 -54 -36 30 -18 18 -42 6 36 54 -18 -18 0 -30 18 42 -42 36 60 -60 -30 42 -60 30 -60 -18 -6 36 36 -60 -36 -36 60 -36 12 -36 48 -54 -24 48 48 30 -54 -54 30 60 48 30 -18 -60 24 6 18 36 48 -42 42 -54 -6 0 36 -12 -24 -24 30 60 -30 24 30 -42 -24 -54 -36 30 -6 42 -36 30 -42 12 -18 -48 -60 0 30 48 -18 12 42 -54 -60 54 60 6 -30 -18 48 -12 -12 0 36 -18 -60 6 -24 -6 42 60 -54 30 6 -36 -24 -18 48 -48 18 42 12 42 24 -36 -48 -30 36 12 -60 -48 -30 -36 30 36 -6 -18 -54 48 42 6 24
30 89 15 -39 -23 -21 -18 -114 -104 -60 -34 -101 -21 42 -39 -15 -33 -11 61 62 77 -71 -7 16 -1 95 107 45 46 106 -106 7 67 -122 49 -90 -31 -29 22 38 -42 -54 -54 -6 -70 50 -110 8 35 -92 -16 -16 -47 -5 -61 73 106 104 -7 -63 -74 52 77 -49 -50 -24 -35 -21 -77 -45 40 46 -34 -52 -12 -55 74 -41 36 97 5 28 35 -110 33 11 -21 42 -15 -51 -46 -47 16 -74 32 49 -24 -79 -22 19 -29 -26 85 106 77 55 -79 -40 -66 -2 -64 70 -31 30 13 -60 35 35 -30 -93 81 21 -70 28 -63 16 16 -65 -13 -38 11 4 -30 8 -105 -18 -62 6 -112 -81 50 -55 78 -13 -55 -77 16 -13 -59 -4
-30 15 99 -56 -46 -47 -65 80 35 -47 116 -46 109 117 -100 29 -115 71 58 18 -25 50 -43 31 75 -28 -4 148 36 -29 -20 38 27 -2 11 39 12 -80 -98 -4 62 -34 85 -120 47 15 -62 -102 60 -95 -82 -117 -98 119 -35 54 48 70 11 -43 56 -28 82 -111 -73 -59 91 -63 -3 43 18 -48 44 -42 88 -96 14 78 -10 -36 130 57 60 15 -34 -41 -98 61 -71 88 25 51 61 35 -1 -3 -10 -81 5 -108 41 65 36 55 47 19 10 -62 -4 71 -47 -40 -2 128 28 -54 100 -98 -51 -20 -18 -2 -58 1 34 15 33 -93 -37 -82 -92 26 58 7 -39 -53 -27 43 37 18 115 -124 -21 -63 -17 -24 15 -23 25 14
-18 -39 -56 118 58 105 107 22 -22 99 -94 118 -8 -87 -5 11 53 -18 -2 -104 -69 -98 132 24 -82 93 -38 -87 -100 -71 31 -31 -75 29 -102 47 -35 152 57 -87 19 137 -89 61 -15 -33 48 48 49 83 -7 3 50 -50 107 -53 -183 -128 -127 113 -27 -22 -96 109 -56 0 -85 40 29 -48 -25 -40 -35 132 -21 9 -101 -3 24 -20 -56 -2 7 -10 46 109 -10 -29 6 -9 -95 -73 73 -9 66 -62 -20 151 -46 105 37 -9 -52 -125 -50 7 -55 28 15 -55 62 1 -13 -50 -14 125 -50 69 -98 49 -46 -61 93 74 7 -53 75 53 -83 78 12 -28 40 138 25 16 37 63 15 4 -28 107 -30 24 68 53 -71 -93 -11 -107
-18 -23 -46 58 132 -34 78 -24 -14 18 40 123 23 11 39 33 60 -10 -90 9 -44 -75 25 -39 -53 2 24 -93 -22 -52 93 75 -83 107 -85 -4 38 28 27 48 -42 43 -62 -40 -88 65 107 85 30 105 11 108 58 39 56 -116 -37 -161 -108 -29 79 3 12 13 84 -115 -64 -109 14 -60 -23 78 -50 34 -68 -15 -44 -100 14 26 -45 -43 30 -38 11 90 -17 15 58 -32 -15 -92 41 64 35 -18 -56 89 13 71 41 112 -95 -176 -49 83 36 -38 -38 -97 43 -22 16 -24 -48 101 -166 42 8 119 45 96 31 -13 -108 -66 95 -37 -93 -3 21 -46 -104 32 101 38 -32 138 49 -31 -72 61 -19 96 -66 129 -148 -91 -134 29
-6 -21 -47 105 -34 190 108 -26 -1 127 -181 57 -87 -121 0 -62 70 2 58 -128 -7 -62 171 16 -24 140 -70 -28 -142 -15 4 -100 -24 -82 -27 66 -55 199 102 -180 95 117 -51 114 49 -108 -23 -19 52 46 -2 -78 10 -141 149 26 -230 -41 -58 194 -109 -2 -144 142 -182 83 -35 166 57 -38 31 -116 -10 124 -34 38 -140 32 -25 -2 -91 59 19 25 34 58 55 -6 -44 -30 -133 -21 51 -39 44 -40 -82 100 -101 73 7 -146 -19 0 -8 -22 -132 9 47 -11 10 70 6 -41 -3 57 52 57 -179 -21 -67 -170 152 155 72 -70 0 117 25 108 40 -55 127 182 -71 -52 43 -58 -100 32 14 75 28 -10 161 -26 25 -38 46 -190
-12 -18 -65 107 78 108 239 -93 44 100 -159 223 -15 -62 51 -60 77 18 -27 18 83 -106 127 -70 -37 139 -1 -114 -35 -100 77 15 -75 -84 -155 144 77 220 199 -154 119 47 -13 -58 -58 55 -17 99 -31 119 75 105 92 -105 217 27 -222 -254 -236 199 77 -67 5 52 -177 -151 -47 107 -44 -100 21 -68 20 122 -157 -65 -206 -149 -44 -15 -212 88 23 -2 103 124 77 70 -19 24 -57 -215 186 119 158 -33 -153 121 -11 122 -19 -88 -16 -139 -62 34 -110 -84 27 -169 23 100 40 -74 -56 129 -197 40 -181 136 -33 -44 151 104 -65 -92 36 -16 -2 -39 137 -35 -6 240 -53 56 104 71 -144 42 -61 68 103 21 109 106 -86 -204 -135 -129
-60 -114 80 22 -24 -26 -93 450 80 -23 158 82 208 66 -106 126 -133 123 -2 -21 -251 109 61 43 -20 -216 -137 78 -65 -338 68 -47 49 176 -191 40 -47 -7 -212 -20 -70 90 67 3 -11 -49 13 24 32 -139 -26 -163 33 283 -58 -90 -80 -40 17 -6 23 -123 -43 -59 93 97 72 14 -2 173 12 -172 156 14 139 -27 -26 238 30 -297 304 -12 -227 181 31 94 -137 -132 76 219 172 78 65 -3 -9 -125 145 125 86 -36 78 140 10 -73 -147 -147 72 248 51 81 175 -167 -1 44 13 173 75 -176 65 72 -74 -93 -78 -70 51 188 -11 -9 -141 -42 -183 148 115 -58 140 -9 140 55 387 54 -4 105 -282 -173 -36 6 96 58 210 70
-48 -104 35 -22 -14 -1 44 80 450 100 162 74 53 214 -25 -104 121 96 46 -23 -72 238 -63 -94 150 -53 -175 55 115 -129 150 -20 19 238 -50 174 267 8 -46 98 201 -195 305 -256 122 55 238 -223 -49 29 104 -51 -60 -41 72 28 -156 -42 28 178 180 -135 63 57 -142 -183 218 -45 2 104 -123 28 -21 34 38 -62 -94 111 -182 -146 -55 0 -91 207 -104 17 -100 -68 11 173 161 214 25 163 35 52 16 166 60 -108 -36 -213 -30 64 -109 -204 197 -45 185 -34 102 -139 102 23 81 -2 26 -156 49 40 -100 -156 98 -113 207 53 66 -41 248 111 -30 -132 -86 48 230 67 37 -76 -42 299 -77 -29 34 26 105 -64 88 -48 -127 167
-24 -60 -47 99 18 127 100 -23 100 216 -80 79 -3 -60 55 -38 97 15 109 -194 -118 -22 19 42 -25 127 -20 -2 -4 -47 86 -48 -47 127 -53 74 -54 208 -8 -166 97 34 46 17 166 -28 150 -16 -23 199 34 -20 43 -206 94 79 -275 -148 -108 256 -28 -110 -139 175 -75 -5 44 4 143 -43 -76 -17 -57 180 -60 41 -181 55 -17 -63 -43 48 98 113 -70 61 -70 -90 -33 -63 -194 25 123 -32 13 -84 39 103 -90 39 -43 -141 -33 -51 9 14 -52 -108 108 12 82 -29 14 1 -18 50 39 144 -183 2 -53 -114 120 -29 192 -77 12 47 12 168 16 -79 1 110 60 87 116 -24 -54 65 66 44 68 4 97 -44 -129 -14 -23 -82
-60 -34 116 -94 40 -181 -159 158 162 -80 528 -104 179 310 -92 46 -12 201 -33 48 -145 109 -180 2 198 -206 -124 265 -21 3 238 33 3 213 138 94 34 -302 -332 199 -84 -241 182 -216 3 56 69 -173 55 -116 -61 -88 -61 232 -180 -93 10 -51 156 -132 161 -45 169 -24 191 -114 161 -275 68 187 -19 166 51 -228 79 -192 41 88 85 -125 289 -86 77 -42 -171 11 -204 24 -32 -46 175 213 -86 136 -201 214 52 21 -92 -5 121 149 -94 -2 -10 51 163 -126 83 186 16 -206 168 124 -53 -55 70 -179 145 82 -37 99 -183 -4 9 88 60 -250 30 16 -320 -146 -184 -195 194 31 -171 -59 276 15 73 -114 -9 122 -194 -120 -71 -11 -168 311
-54 -101 -46 118 123 57 223 82 74 79 -104 585 125 -127 173 163 84 12 -127 133 160 165 141 -198 68 -50 67 -165 -19 -323 230 19 -116 26 -160 185 98 122 229 -214 37 47 -36 -249 -181 40 64 17 -134 -14 -31 5 20 29 441 6 -172 -381 -228 34 123 -158 -113 1 -186 -63 14 53 104 -184 -22 -152 54 16 -218 37 -191 -164 -97 -9 30 133 -25 140 221 136 164 78 -32 152 -21 -208 241 220 -10 -112 -91 206 284 -67 77 167 -173 -375 -69 100 66 24 158 -93 81 200 122 100 -11 262 -508 -90 -123 393 -216 -29 28 34 50 -178 -37 158 -258 -90 118 44 82 171 -55 81 160 214 228 -31 -51 -21 -187 -123 103 173 -140 -281 -119 -163
-54 -21 109 -8 23 -87 -15 208 53 -3 179 125 321 164 -93 170 -172 108 112 18 -109 55 -54 71 8 -26 66 154 144 -207 -11 55 -6 114 -159 124 -11 -26 -161 -29 8 -40 120 -246 0 88 -7 -30 -31 -124 -84 -109 -40 184 -44 126 -47 -107 -179 10 123 -205 111 -99 -71 -167 49 -116 -50 56 -80 -56 72 16 107 -204 -9 62 78 -168 267 50 36 56 21 55 -231 -51 -78 190 30 -27 235 64 55 -63 180 65 110 -46 18 172 95 -94 17 17 23 -60 71 98 67 -79 19 120 22 75 -11 -63 -71 71 -108 -2 -190 -113 147 97 71 -174 -221 -106 -192 145 -1 33 5 142 99 147 247 6 182 -114 -102 -149 -89 -76 -96 -175 -48 81
-36 42 117 -87 11 -121 -62 66 214 -60 310 -127 164 528 -53 -29 56 247 178 87 -146 104 -11 -25 130 -29 3 383 62 -82 52 113 163 213 -84 -41 163 -62 -188 213 50 -177 266 -176 -109 64 211 -149 158 -233 79 -128 -75 253 -165 -29 48 117 10 -72 66 -17 204 -90 -75 -350 194 -158 -49 140 32 141 -58 -84 90 -240 -5 39 -109 -1 253 -90 -102 145 -121 61 -226 -93 115 177 169 257 93 -29 119 53 -74 109 1 -29 -98 -15 69 167 80 -53 33 -110 -29 116 48 -37 188 89 -10 -25 181 -65 -42 -96 232 -160 -58 -120 109 210 125 -222 149 4 -302 -38 -222 -7 214 -8 -134 86 36 97 111 -79 0 -7 -175 -257 94 63 -254 313
30 -39 -100 -5 39 0 51 -106 -25 55 -92 173 -93 -53 533 48 201 88 -120 79 83 218 56 -202 25 -229 85 87 -72 -67 190 85 -8 99 23 -20 -41 114 126 -145 -40 21 163 214 -28 -239 279 205 -234 120 151 157 201 -94 94 -41 -14 -127 103 1 -50 -3 -222 71 188 51 37 259 256 33 146 -27 72 -78 -232 218 -143 -343 -137 87 47 -125 -24 348 -143 -216 358 -144 124 -97 56 86 -142 66 -178 -84 -136 -24 110 -3 -231 140 -119 -134 113 106 -75 -134 31 149 -35 269 288 -201 -252 -11 -193 183 -3 170 122 -32 108 -107 157 -41 -356 269 112 -2 -18 132 -124 -184 79 45 59 -141 165 -71 38 31 -93 64 -116 -39 -25 270 -73 71
-18 -15 29 11 33 -62 -60 126 -104 -38 46 163 170 -29 48 254 -91 -56 -30 31 -4 96 52 24 3 -82 94 31 67 -108 -72 65 -66 37 -44 -29 -96 -72 -67 20 -134 54 -55 -96 -44 -18 1 -27 -83 -148 -135 -91 -88 119 -3 19 128 -8 -31 -186 -17 -77 -23 -56 51 39 -62 -9 35 -63 -87 -44 4 -26 96 13 108 -55 68 61 294 -69 40 30 10 2 -13 -78 -27 43 7 -31 -14 32 -91 -64 144 44 183 -48 57 283 -38 -158 68 42 87 11 18 116 15 19 -1 88 37 52 -106 -25 86 114 -143 28 -149 -49 152 16 40 49 -344 -46 -122 177 55 -77 -6 81 -29 97 328 -144 135 -73 -269 -109 -98 -31 -30 -115 35 26
18 -33 -115 53 60 70 77 -133 121 97 -12 84 -172 56 201 -91 514 -107 87 35 89 142 55 -55 135 -28 -97 -25 -197 206 109 11 -50 -37 28 -33 0 91 -67 -57 -81 -59 -68 152 -97 95 179 -102 20 25 154 150 172 -109 108 -245 -104 -206 148 108 -116 -33 -86 107 169 44 126 62 206 -173 -131 252 24 -92 -168 187 -168 -77 -190 272 39 -73 -222 163 24 183 326 -96 342 -86 23 69 -120 -84 3 154 -138 278 -117 93 54 -320 -352 -25 49 59 24 14 23 -8 243 171 278 -36 -10 56 3 165 -96 88 174 -257 128 118 134 72 -5 200 220 271 77 -180 -233 33 163 85 -81 -61 -31 53 -164 109 -30 9 69 -53 46 125 -149 71
-42 -11 71 -18 -10 2 18 123 96 15 201 12 108 247 88 -56 -107 548 35 99 -64 61 63 -180 86 -56 107 291 1 -338 375 -112 347 207 92 -18 88 28 36 40 106 -95 224 -66 -64 -207 121 5 101 -66 20 -135 -40 79 -58 211 -308 -69 -116 72 123 98 -63 106 -129 -93 157 40 103 409 344 -144 -45 -81 -198 -285 -159 -8 -18 -360 161 34 24 158 -66 31 -219 36 -167 19 49 205 219 9 -100 -14 -174 -115 -61 51 -180 131 239 76 -4 59 -146 -125 190 132 -185 66 200 -80 -182 46 -97 -52 -148 -26 27 -31 -75 -60 -94 17 -153 -89 67 -35 -321 -10 -106 -115 -14 -20 101 -53 60 -38 76 88 72 83 -216 -220 -61 133 -217 39
6 61 58 -2 -90 58 -27 -2 46 109 -33 -127 112 178 -120 -30 87 35 528 -93 -121 89 -10 100 -10 251 205 157 113 104 -219 -61 159 -43 -25 -122 -93 135 -261 -131 107 5 -10 -6 101 133 77 -161 161 -98 -104 -155 31 -94 -133 251 -150 48 -90 285 -133 -142 -19 -31 -149 -30 105 -25 95 15 -128 148 -90 55 96 -114 -29 288 3 -8 232 161 -106 86 46 137 -195 -56 85 141 -170 145 234 -365 233 -4 248 60 -107 -100 -25 -288 57 264 217 11 -176 55 42 110 128 102 -10 85 78 45 276 252 -336 -318 83 -292 -138 -92 239 226 16 34 13 269 -145 3 -83 117 -17 121 132 57 -97 142 125 -29 45 -209 33 -235 8 91 -30 -99
36 62 18 -104 9 -128 18 -21 -23 -194 48 133 18 87 79 31 35 99 -93 612 356 145 -24 -187 196 -39 157 64 91 -232 114 28 273 -343 149 -39 13 -332 106 146 -228 -187 -4 -143 -350 171 -406 -1 -133 -174 2 124 -16 -22 3 88 333 -74 4 -119 57 128 175 -227 127 84 351 8 -62 -104 109 142 120 -156 -209 -102 -93 -300 -91 169 108 -3 -275 -101 199 297 299 237 -31 87 198 -318 18 108 -117 -27 -200 -136 221 91 -57 98 91 98 -7 89 31 47 81 -77 2 184 58 22 -78 164 -390 -46 134 110 37 178 -114 113 -204 222 -88 -75 -22 -75 50 106 -172 -206 -33 167 149 78 -110 -109 -115 -46 -72 -148 -122 -131 69 -34 -136 36
54 77 -25 -69 -44 -7 83 -251 -72 -118 -145 160 -109 -146 83 -4 89 -64 -121 356 944 138 -22 63 234 -48 -69 -76 148 265 137 65 91 -521 426 70 187 -220 397 164 66 -11 -311 -232 -108 84 -373 -315 -245 -162 10 308 -292 -171 49 252 6 -111 -278 -267 255 99 223 49 -37 34 143 218 -95 -95 -224 -67 -79 -164 -240 -55 119 -272 -98 212 -14 -88 -32 -134 377 153 306 217 -76 -41 142 -226 138 201 0 239 -229 -109 -34 48 -54 -190 156 -37 49 -30 104 -242 357 -141 -259 391 176 -63 279 -327 -267 54 -111 252 -160 -78 -58 115 25 -108 107 85 86 -268 127 164 17 -121 -494 224 100 -27 -288 -357 -93 -89 102 -95 132 -114 197 -159 -41 -121
-18 -71 50 -98 -75 -62 -106 109 238 -22 109 165 55 104 218 96 142 61 89 145 138 808 143 -257 171 -323 -55 21 85 5 46 25 53 170 195 -29 174 -188 -128 66 55 65 117 -153 -87 -165 247 -131 -63 -55 -261 -71 -73 109 153 188 -70 234 60 82 -15 -202 -122 -112 121 117 244 54 98 82 -164 4 91 -187 68 201 201 100 -136 -80 355 93 -189 290 -4 -157 80 -79 206 228 249 252 -243 78 -130 124 20 195 133 -425 -71 97 -158 61 11 -36 76 -12 310 24 9 277 139 -50 33 -29 -72 84 -148 118 -9 -266 -109 -199 244 51 -158 333 76 106 -217 220 -19 -99 97 -49 -20 -78 202 141 34 -318 -283 3 -148 34 184 288 -140 -22
-18 -7 -43 132 25 171 127 61 -63 19 -180 141 -54 -11 56 52 55 63 -10 -24 -22 143 743 -81 -45 33 -63 -15 -79 -121 -111 48 -45 -141 -70 -162 -24 250 14 26 83 311 -164 180 -153 -237 55 85 179 -53 -267 -124 -162 155 165 -74 -258 183 -163 125 -165 57 -35 -33 -118 29 -168 500 -2 54 122 -301 -60 -27 183 63 143 -21 66 -106 239 -107 -98 -35 -67 135 11 8 196 -20 91 -81 -101 52 329 100 -265 273 -60 25 91 253 -67 42 -85 -196 -334 -16 24 -119 -10 157 51 -173 -38 271 -41 105 -281 76 31 -339 373 185 39 49 77 289 -208 -46 -207 168 51 225 128 -280 -93 15 9 27 -89 103 -359 48 -55 163 285 -94 -77 -245
0 16 31 24 -39 16 -70 43 -94 42 2 -198 71 -25 -202 24 -55 -180 100 -187 63 -257 -81 757 -67 50 -212 83 133 260 -147 -46 -162 -155 42 208 -124 -35 11 131 32 105 -76 334 57 -36 -278 -51 -35 159 -15 249 -8 139 -154 -264 -51 -6 -201 -9 76 42 191 19 27 -102 101 102 -127 -96 -186 -88 99 55 402 36 154 119 110 -29 -17 -226 -16 -274 -34 -55 -21 -284 -150 106 -127 -146 188 -134 315 25 21 60 -209 240 -101 23 156 136 -200 -166 12 -216 69 193 128 -320 -97 150 275 -11 341 226 -210 -20 106 -91 194 -153 452 178 162 -145 222 -196 -128 83 -95 101 -28 214 86 296 -254 74 142 -44 -51 -260 169 -102 47 -31 336 -53
-30 -1 75 -82 -53 -24 -37 -20 150 -25 198 68 8 130 25 3 135 86 -10 196 234 171 -45 -67 745 -83 15 174 117 33 111 83 -55 -294 321 17 194 -183 -182 -110 -85 -263 -26 -320 23 72 -189 -327 -17 -142 -36 -20 -158 58 1 32 73 -199 254 -181 202 126 170 7 14 -194 501 -81 68 -229 27 50 65 -238 -108 -45 -116 -29 -60 164 358 -2 208 40 1 27 103 191 -121 -125 78 151 -89 -55 -201 470 -321 40 13 40 228 29 -258 26 120 17 298 -267 101 127 -39 215 292 461 8 -54 -196 -323 -66 294 -303 -202 3 196 259 -27 10 -149 -240 -66 -190 -43 54 34 -169 49 -148 -114 -23 -249 194 -236 29 -349 167 -43 208 60 -78 -1
18 95 -28 93 2 140 139 -216 -53 127 -206 -50 -26 -29 -229 -82 -28 -56 251 -39 -48 -323 33 50 -83 954 109 -75 52 -240 -172 97 226 -105 -158 -39 -302 -102 97 -181 37 -181 11 124 -19 276 -70 -247 207 231 100 37 -265 -398 -51 442 -6 -169 -179 127 100 162 85 89 -265 -108 -81 -379 115 -149 -112 128 -160 522 -2 -361 -13 161 100 103 -224 -90 96 -413 -65 168 -229 353 -106 -14 -353 -184 126 -118 76 -92 275 39 -138 148 96 0 148 45 360 -172 -217 168 61 -256 81 72 -160 290 -27 421 -191 293 28 -402 -159 -102 12 35 -54 41 146 -255 -280 33 9 -77 37 372 60 -49 107 157 -438 -15 5 -152 84 189 83 -253 -199 -244 -344 -90
42 107 -4 -38 24 -70 -1 -137 -175 -20 -124 67 66 3 85 94 -97 107 205 157 -69 -55 -63 -212 15 109 904 -143 423 -69 -167 -143 390 98 46 -367 94 171 -32 -66 -94 -261 -63 -142 46 188 72 22 74 -92 -29 -15 87 -20 81 152 208 25 -2 -14 -167 155 -175 -174 -178 23 -33 -17 55 48 272 72 -200 -57 -278 -33 10 -163 102 5 124 294 247 86 70 111 -118 -26 -157 -89 -236 -39 198 -433 103 -77 21 -284 342 -108 34 119 110 112 132 387 10 -39 -154 47 -145 7 -60 1 54 32 -178 -62 -110 -323 -12 256 -148 -108 -110 -87 -107 71 -475 150 96 30 -297 -152 -153 241 -13 47 -69 -21 88 139 -20 -328 -400 60 -221 -128 -106 -85
-42 45 148 -87 -93 -28 -114 78 55 -2 265 -165 154 383 87 31 -25 291 157 64 -76 21 -15 83 174 -75 -143 1150 -53 -84 267 230 82 -83 134 188 -203 -167 -87 -106 -61 40 43 -18 179 6 151 28 -10 -239 84 -513 -349 -108 -190 106 279 427 269 125 -208 -213 113 -178 -154 -168 406 -18 335 134 -38 81 -48 -118 189 -247 -400 121 -125 178 496 -344 126 175 -295 -67 -178 245 -250 -93 0 234 296 -15 -68 -304 -284 -113 71 -170 -48 93 150 37 442 119 -183 -370 233 675 95 46 307 171 -152 -206 510 -5 -132 -165 156 -22 52 200 250 388 -82 -34 168 167 -432 -67 215 -157 115 -261 421 -211 318 -82 460 -65 -86 -8 30 -526 -26 201 33 248
36 46 36 -100 -22 -142 -35 -65 115 -4 -21 -19 144 62 -72 67 -197 1 113 91 148 85 -79 133 117 52 423 -53 1036 -77 -181 -93 317 14 35 -256 240 114 9 416 -105 -319 -91 -199 139 235 36 6 -76 200 7 47 -362 -73 -222 385 51 265 -111 67 230 -89 262 -132 -104 -176 59 13 -229 97 -187 -99 -13 -248 53 -160 220 114 -108 -264 204 -143 188 86 -43 -8 -363 -54 -137 -116 -75 10 332 -112 257 246 -58 -205 356 -64 -126 109 425 126 -78 -22 75 -351 302 -103 -18 -244 -121 96 400 -224 31 -43 4 -29 -150 -17 -196 -307 221 133 209 15 -350 -134 1 333 -129 -104 -205 236 221 3 -222 -42 -49 49 -37 -232 -268 122 10 -206 -257 39
60 106 -29 -71 -52 -15 -100 -338 -129 -47 3 -323 -207 -82 -67 -108 206 -338 104 -232 265 5 -121 260 33 -240 -69 -84 -77 1256 -309 -8 -388 -221 326 -110 175 28 38 206 7 87 -416 114 302 49 -114 -73 -28 -91 -169 180 88 -72 27 -124 46 153 173 -11 -322 -253 71 -28 29 -150 -193 196 -270 -194 -203 150 18 -186 219 143 303 111 132 364 -21 280 185 -178 128 -143 228 -240 -28 -335 -84 199 -333 -193 66 510 -218 -63 -392 -102 62 -376 -484 85 -19 206 191 -327 -206 214 -23 -51 -77 -75 287 -597 464 25 -226 -135 172 -45 -58 -37 49 -120 205 -19 231 145 -20 -357 -136 76 -167 116 -294 -266 -93 44 239 -57 164 83 -20 86 83 152 323 77
-60 -106 -20 31 93 4 77 68 150 86 238 230 -11 52 190 -72 109 375 -219 114 137 46 -111 -147 111 -172 -167 267 -181 -309 1224 -120 220 194 310 211 -13 7 308 2 18 -225 110 -103 -82 -40 269 -50 -240 190 261 -101 169 57 166 45 -269 -194 -144 -342 235 -20 -42 261 64 40 186 -247 357 4 40 107 -105 -4 -560 -76 -265 287 25 -185 189 26 108 105 278 230 -22 211 -92 -257 -107 32 387 202 -110 -147 -75 22 108 160 -318 31 -132 -253 72 3 58 19 513 118 -103 -120 75 140 -170 182 -377 -21 -33 343 53 90 135 -32 -141 -18 -349 -185 342 -69 -221 -163 38 -217 125 -108 402 153 160 -36 -16 57 278 241 -86 -192 28 -25 38 153
-30 7 38 -31 75 -100 15 -47 -20 -48 33 19 55 113 85 65 11 -112 -61 28 65 25 48 -46 83 97 -143 230 -93 -8 -120 880 -92 -68 -39 -69 58 -259 -235 -386 134 263 -212 -72 158 378 199 13 -64 200 82 266 -166 218 -240 10 236 -130 43 -91 278 89 383 -247 263 -531 -50 -187 63 7 -122 186 -126 342 41 -146 -86 1 -10 344 17 -235 277 206 -456 -77 -10 337 125 235 514 20 -72 310 184 -186 -104 -120 -48 -309 279 169 -204 -219 281 -86 156 -216 -282 -266 -96 179 160 89 -52 -17 -29 117 -51 137 78 -42 332 -117 -53 73 248 -127 -215 -239 -115 208 -7 70 353 -61 51 -19 156 -136 94 -99 -410 257 -117 195 -150 57 -37 197
42 67 27 -75 -83 -24 -75 49 19 -47 3 -116 -6 163 -8 -66 -50 347 159 273 91 53 -45 -162 -55 226 390 82 317 -388 220 -92 1082 307 -45 -407 14 89 -23 50 -250 -496 -36 121 -66 287 77 -85 -8 70 396 -62 -110 114 -132 404 17 58 32 -105 -102 317 57 75 -21 110 -44 -247 104 535 75 101 -85 115 -348 -270 2 33 -164 -100 117 -22 -70 315 -4 287 -174 -34 -9 46 235 50 104 -218 -23 -257 -3 -348 205 57 -20 -156 371 135 -4 68 -2 48 197 -172 -37 -103 -43 -174 283 -77 54 116 104 -410 171 -60 -215 -132 -140 213 9 -61 -149 39 -149 132 -278 -322 -41 201 273 -104 -78 -176 -89 308 -189 43 -673 -327 39 -104 -243 161
-60 -122 -2 29 107 -82 -84 176 238 127 213 26 114 213 99 37 -37 207 -43 -343 -521 170 -141 -155 -294 -105 98 -83 14 -221 194 -68 307 1527 -433 43 408 178 -50 -38 -158 -269 312 -218 87 -27 917 -3 -11 269 419 -8 -107 305 402 -64 -12 -49 86 85 -319 52 -277 254 -148 -254 -206 -723 246 445 -213 40 -239 370 31 -42 189 13 157 -411 -145 43 133 292 -97 -272 -461 -584 205 59 -36 483 -169 -169 -95 -412 274 284 124 -198 -45 232 -162 -301 -360 113 447 13 187 -70 409 -143 55 -385 283 -56 177 0 259 -271 130 99 -73 -408 148 -214 179 -74 -44 -10 -264 -367 -289 -211 395 24 -123 -151 299 15 113 0 -223 196 -623 -138 -145 101 -300 439
30 49 11 -102 -85 -27 -155 -191 -50 -53 138 -160 -159 -84 23 -44 28 92 -25 149 426 195 -70 42 321 -158 46 134 35 326 310 -39 -45 -433 1253 -76 -38 -633 -24 195 200 216 -268 -225 43 -288 -198 -452 -43 -61 -601 -10 -394 -258 -236 88 -205 224 30 -121 160 375 -72 288 209 182 388 118 41 122 161 205 -505 -181 -71 -13 144 227 227 -84 222 132 306 -202 118 170 49 404 -374 -159 -108 303 89 90 -97 342 -54 -249 -41 -88 -161 -50 123 326 -35 -23 -1 -90 195 141 -296 39 75 56 -14 -56 -251 103 -218 193 -179 179 164 23 214 -95 -72 168 269 98 -152 52 -32 -358 -11 -41 -21 -169 -204 147 -42 -93 46 194 171 -228 -10 279 130 -85
-60 -90 39 47 -4 66 144 40 174 74 94 185 124 -41 -20 -29 -33 -18 -122 -39 70 -29 -162 208 17 -39 -367 188 -256 -110 211 -69 -407 43 -76 1130 133 -70 222 -390 201 29 510 -117 46 27 -61 -83 -282 143 153 260 237 44 365 -143 -41 -205 -86 207 25 -143 49 -107 -331 -58 297 -3 24 -199 -214 -81 274 104 16 -116 -341 -318 63 -216 -429 -196 47 -89 38 -155 195 -53 -163 250 -127 -181 120 331 -37 -138 -32 563 -6 89 -21 173 2 -227 -72 -23 44 -57 299 142 146 -36 413 -138 -185 101 126 -97 -165 123 -322 250 349 208 353 38 -153 -73 556 -122 20 -94 142 168 -129 -6 124 96 -292 257 137 -260 292 -132 483 -11 -33 -319 2 -75
-18 -31 12 -35 38 -55 77 -47 267 -54 34 98 -11 163 -41 -96 0 88 -93 13 187 174 -24 -124 194 -302 94 -203 240 175 -13 58 14 408 -38 133 1312 135 184 9 152 -78 -194 -624 -99 209 277 -1 24 -108 138 452 134 633 155 -24 50 57 44 80 128 329 283 -31 -639 -509 91 21 -385 92 -126 141 -200 -301 -1 -142 52 -72 117 -40 -392 -21 117 136 51 -132 -147 -282 -196 252 334 263 74 -119 234 -68 -332 140 115 -114 -235 -213 -194 -10 -240 67 657 -100 36 -347 -317 75 85 -291 390 -370 136 -425 -114 289 -404 -111 97 -122 -44 -172 413 149 281 -169 88 -357 -151 -15 -222 261 -288 -103 -125 3 -57 -105 93 -243 -95 312 137 -29 -168 -149
-6 -29 -80 152 28 199 220 -7 8 208 -302 122 -26 -62 114 -72 91 28 135 -332 -220 -188 250 -35 -183 -102 171 -167 114 28 7 -259 89 178 -633 -70 135 1248 115 -207 15 -134 50 126 294 90 319 355 -128 83 237 -117 545 236 164 37 -394 -228 -152 21 -283 -165 -123 66 -348 -64 -443 415 -40 3 -2 -235 95 -62 -230 109 -254 -146 -308 -125 7 70 3 549 120 150 -4 -608 219 -187 -211 -112 153 -227 268 -59 -240 101 67 207 22 -304 -169 -198 -117 128 -142 -159 -58 57 29 -184 -61 -225 97 -179 324 -18 -284 46 144 -216 73 -40 259 -28 -92 132 44 -3 158 25 77 188 -398 56 56 231 -24 -117 90 499 201 -252 -15 229 200 -355 174 -269
36 22 -98 57 27 102 199 -212 -46 -8 -332 229 -161 -188 126 -67 -67 36 -261 106 397 -128 14 11 -182 97 -32 -87 9 38 308 -235 -23 -50 -24 222 184 115 1545 272 6 245 -25 31 187 -27 229 13 -289 40 169 -13 -145 -280 135 81 30 -4 -263 -104 171 -129 -440 3 -492 -310 15 175 -307 -198 42 28 103 50 100 -244 -231 -146 3 -39 -321 65 -78 -236 195 -156 41 -173 -474 110 -334 -170 280 -155 141 -336 -385 -43 208 250 -480 46 183 -341 -249 284 122 -47 268 14 -314 178 -338 164 156 66 -346 8 219 111 302 368 -113 -345 -217 -36 -144 -272 295 -68 315 -67 190 171 -190 -173 -111 399 -280 134 132 46 -59 204 129 -21 25 -201 -13 -202
36 38 -4 -87 48 -180 -154 -20 98 -166 199 -214 -29 213 -145 20 -57 40 -131 146 164 66 26 131 -110 -181 -66 -106 416 206 2 -386 50 -38 195 -390 9 -207 272 1572 43 132 146 91 -227 -498 -105 -362 192 -152 -119 -124 -285 -271 -216 -42 -78 447 -160 -443 267 -133 54 109 171 108 -2 159 -488 74 -118 0 -155 -123 180 5 443 -20 -263 -13 109 -296 -455 -325 214 119 -197 -128 84 -259 -24 189 -221 4 -284 320 -145 11 -21 174 -426 183 258 124 -59 -305 143 -157 100 115 -181 -435 -311 66 104 -321 -207 19 270 -171 105 -2 -295 -223 -63 176 282 -121 -58 228 -239 -83 -161 -233 2 -29 -149 200 -64 56 -176 199 273 210 -116 -99 330 160 -47 220
-60 -42 62 19 -42 95 119 -70 201 97 -84 37 8 50 -40 -134 -81 106 107 -228 66 55 83 32 -85 37 -94 -61 -105 7 18 134 -250 -158 200 201 152 15 6 43 1260 420 274 -100 59 -336 190 -328 148 -72 -173 -64 205 37 175 -57 -561 -43 -494 -2 631 125 82 -127 -477 -261 21 391 -1 307 61 -212 -211 172 -13 12 29 155 -327 -168 -502 176 172 -93 -212 -414 -104 309 -23 195 218 29 100 59 244 -138 58 -123 -384 -338 -337 -190 230 244 309 -335 -27 -275 -185 -50 -547 -3 24 41 -99 -88 -214 -34 -600 -161 -154 -56 484 38 98 -176 -233 156 262 -4 52 -14 147 341 54 -218 77 130 -105 509 8 15 135 49 459 52 112 201 34 -220
-36 -54 -34 137 43 117 47 90 -195 34 -241 47 -40 -177 21 54 -59 -95 5 -187 -11 65 311 105 -263 -181 -261 40 -319 87 -225 263 -496 -269 216 29 -78 -134 245 132 420 1636 -328 128 30 -698 235 -32 314 293 -411 -215 -146 -127 -46 -385 -504 260 -211 453 204 -51 -444 79 210 -25 76 126 -255 -29 66 -12 -28 277 210 174 -364 36 -45 -41 -97 -84 -83 65 -80 -24 -179 443 180 378 51 289 244 144 27 -339 -204 308 -278 -325 -98 369 -92 -307 -90 31 -103 -285 -327 -87 -268 447 -12 -241 -160 -101 -187 581 -537 334 278 -10 329 -31 -11 -39 305 261 -48 257 -160 142 376 113 193 -451 33 153 -27 141 -199 118 -141 206 389 464 -61 414 247 -501
-36 -54 85 -89 -62 -51 -13 67 305 46 182 -36 120 266 163 -55 -68 224 -10 -4 -311 117 -164 -76 -26 11 -63 43 -91 -416 110 -212 -36 312 -268 510 -194 50 -25 146 274 -328 1471 102 32 -276 -29 -267 -199 65 299 126 275 -5 191 -110 -137 -226 111 -87 97 -60 -121 52 -36 127 193 178 82 -32 370 -236 170 195 -159 -33 -46 -456 -61 -312 -272 8 -273 208 -207 -366 189 -384 359 217 -137 206 -190 387 -249 82 278 108 50 118 -365 307 204 172 2 -294 -202 228 -110 95 -99 -256 278 48 -515 242 -121 -172 271 -213 71 10 176 -208 329 93 -423 -218 391 -273 -116 7 -331 -143 192 -61 -306 125 -374 414 27 -231 451 10 88 -74 210 14 -54 130
60 -6 -120 61 -40 114 -58 3 -256 17 -216 -249 -246 -176 214 -96 152 -66 -6 -143 -232 -153 180 334 -320 124 -142 -18 -199 114 -103 -72 121 -218 -225 -117 -624 126 31 91 -100 128 102 1812 -109 -391 -79 265 170 571 82 380 451 -129 -19 -85 -38 -56 228 -155 -199 -64 -139 -64 573 409 -183 466 297 -39 117 -324 463 164 149 344 95 -60 -254 101 -116 -270 -525 172 -162 -319 815 -190 143 162 -46 137 -395 -312 75 43 -460 -118 -217 244 -74 436 -7 36 96 -135 -725 284 -231 119 306 -325 114 -50 -284 257 306 526 -123 -495 436 -240 293 -182 -61 397 -451 179 142 180 -299 352 -68 453 229 -248 307 259 -71 235 -8 282 -127 189 5 182 47 388 267 82
-36 -70 47 -15 -88 49 -58 -11 122 166 3 -181 0 -109 -28 -44 -97 -64 101 -350 -108 -87 -153 57 23 -19 46 179 139 302 -82 158 -66 87 43 46 -99 294 187 -227 59 30 32 -109 1677 200 496 -462 -335 329 91 -39 -171 -453 -437 207 117 -39 219 29 236 -396 -410 -145 121 -88 49 126 330 203 -34 231 -85 323 177 -127 -480 54 31 -117 262 49 270 421 -594 -69 -142 -287 -452 -381 -154 216 152 -90 130 -165 12 -423 155 1 421 -224 -153 -276 91 243 89 -345 -92 267 -40 -215 -63 24 70 -429 697 92 251 -152 -205 342 75 137 130 -146 106 -316 -28 166 79 196 208 -348 -40 111 -60 -247 -77 83 246 118 -241 236 -55 225 -88 -463 308 -33
12 50 15 -33 65 -108 55 -49 55 -28 56 40 88 64 -239 -18 95 -207 133 171 84 -165 -237 -36 72 276 188 6 235 49 -40 378 287 -27 -288 27 209 90 -27 -498 -336 -698 -276 -391 200 1781 -232 253 -321 -183 354 353 -86 324 -301 378 369 -288 -62 -207 -107 -55 587 -352 -143 -328 -106 -188 115 -123 -553 412 -93 -233 71 -364 -75 132 225 235 21 13 51 36 -113 382 -103 -179 100 31 219 -480 99 -225 460 -89 39 -238 106 170 430 -556 124 21 81 350 321 376 45 -586 221 -265 -260 264 305 232 211 -431 175 -298 118 312 -333 60 -350 499 130 -290 -209 -148 647 -61 -479 16 62 232 30 7 -181 -122 251 164 -404 -200 -211 174 -321 -498 -161 160
-36 -110 -62 48 107 -23 -17 13 238 150 69 64 -7 211 279 1 179 121 77 -406 -373 247 55 -278 -189 -70 72 151 36 -114 269 199 77 917 -198 -61 277 319 229 -105 190 235 -29 -79 496 -232 1869 -203 -38 231 120 -274 -5 123 19 -145 -97 101 281 88 -34 -171 -567 -46 -104 -476 -196 -470 335 566 -228 335 -276 45 -149 -58 65 319 -263 -291 235 -386 215 548 -439 -217 -472 -115 150 36 34 687 23 -306 131 -270 269 506 195 -454 -143 259 -300 -531 147 46 92 -190 171 353 -78 284 335 -212 106 -66 62 301 121 -98 177 -85 67 -472 269 -84 -173 242 249 355 -172 -16 354 -150 426 -318 56 -59 516 210 -244 16 -293 434 -53 -160 19 42 -429 127
48 8 -102 48 85 -19 99 24 -223 -16 -173 17 -30 -149 205 -27 -102 5 -161 -1 -315 -131 85 -51 -327 -247 22 28 6 -73 -50 13 -85 -3 -452 -83 -1 355 13 -362 -328 -32 -267 265 -462 253 -203 1890 -317 -18 151 7 735 163 -47 -215 272 432 -302 272 -473 -18 97 64 -42 -17 -180 224 -291 184 215 -255 219 -337 230 406 185 -100 -16 60 -237 96 91 27 -56 -640 -206 -332 -52 -274 -73 -518 -210 -247 370 -69 93 -198 139 312 -234 -68 293 127 -89 85 -191 7 -78 304 54 93 -442 -283 -211 127 272 -70 65 -143 652 378 -215 37 -451 51 -461 183 141 -181 245 332 -117 177 60 12 557 -56 35 40 211 161 -29 -118 -343 210 -208 336 -1 -256
-54 35 60 49 30 52 -31 32 -49 -23 55 -134 -31 158 -234 -83 20 101 161 -133 -245 -63 179 -35 -17 207 74 -10 -76 -28 -240 -64 -8 -11 -43 -282 24 -128 -289 192 148 314 -199 170 -335 -321 -38 -317 1410 162 -365 -237 -396 89 -3 -203 -338 247 88 282 334 264 -96 -261 132 69 -65 -205 185 -89 71 -82 158 38 230 -233 -76 417 -135 -5 69 -54 292 -248 80 227 -278 649 202 325 -213 148 143 38 -55 42 -414 76 -345 -302 196 -25 4 -71 231 281 -328 51 -101 -253 -111 -44 117 -49 -72 74 207 -97 -444 -102 85 -347 -4 94 -274 -238 552 305 -350 266 87 -152 289 373 -58 -368 -539 327 -123 165 -195 -17 66 185 -63 370 -442 199 -81 -11
-24 -92 -95 83 105 46 119 -139 29 199 -116 -14 -124 -233 120 -148 25 -66 -98 -174 -162 -55 -53 159 -142 231 -92 -239 200 -91 190 200 70 269 -61 143 -108 83 40 -152 -72 293 65 571 329 -183 231 -18 162 1683 150 351 2 -240 36 -95 -365 -323 226 354 217 10 9 47 567 -72 -75 -398 244 -66 -251 174 229 589 -100 -78 -254 95 -152 28 -458 -159 302 240 -220 -150 271 337 -17 155 56 76 -11 331 -110 -261 -349 15 -107 54 -97 352 -288 -437 -295 163 -283 -307 -17 -609 267 -86 42 -137 -254 10 -42 770 -198 232 39 -80 481 -140 55 -10 259 -113 -16 124 -74 -105 43 115 223 16 197 195 -624 213 -275 141 128 612 -214 726 -356 -53 -89 -36
48 -16 -82 -7 11 -2 75 -26 104 34 -61 -31 -84 79 151 -135 154 20 -104 2 10 -261 -267 -15 -36 100 -29 84 7 -169 261 82 396 419 -601 153 138 237 169 -119 -173 -411 299 82 91 354 120 151 -365 150 1629 162 361 59 159 -191 223 80 128 -206 35 -134 256 10 -32 -116 -98 -329 -132 -162 0 93 312 375 -603 87 -353 -243 -58 84 -500 -189 -230 148 -232 -266 -217 -233 548 -438 334 -114 101 -101 -134 -355 240 358 37 248 -7 -319 82 -201 282 -324 563 -53 -111 -259 230 117 337 -33 -58 -338 189 -92 270 -284 93 18 247 185 -248 19 25 -457 -2 -146 -22 -222 -289 -220 46 174 273 -461 -117 -452 14 248 263 -236 -435 -81 313 22 -150 583
48 -16 -117 3 108 -78 105 -163 -51 -20 -88 5 -109 -128 157 -91 150 -135 -155 124 308 -71 -124 249 -20 37 -15 -513 47 180 -101 266 -62 -8 -10 260 452 -117 -13 -124 -64 -215 126 380 -39 353 -274 7 -237 351 162 1957 430 87 -190 105 221 -440 -242 56 387 89 220 11 182 -241 4 272 -239 -28 167 156 118 174 -242 0 -113 -392 128 -219 -545 -315 -271 8 -44 -68 575 -625 -22 239 104 -343 -209 39 305 369 -487 167 151 299 -36 35 -295 -83 -27 85 33 46 -21 -486 118 -182 211 -186 -152 171 22 224 -298 197 -267 -107 389 -357 -357 -14 86 67 424 -553 164 335 -679 58 -263 330 -167 85 -525 80 -339 -233 142 10 -190 562 -209 58 -212 -181
30 -47 -98 50 58 10 92 33 -60 43 -61 20 -40 -75 201 -88 172 -40 31 -16 -292 -73 -162 -8 -158 -265 87 -349 -362 88 169 -166 -110 -107 -394 237 134 545 -145 -285 205 -146 275 451 -171 -86 -5 735 -396 2 361 430 2347 293 -24 -503 33 -530 -55 -403 -76 41 -158 -94 146 166 39 197 -488 -431 162 358 306 61 -190 453 -344 -15 -11 240 -556 214 -204 141 137 -251 400 -656 40 -198 127 -337 -420 -729 -101 62 248 -6 -173 521 -327 -400 -351 94 251 28 266 126 -348 292 -260 -257 -237 -123 -466 -100 -40 70 -29 -15 110 118 333 -107 -144 439 -665 -57 425 128 -292 147 -77 147 -9 126 105 525 142 449 132 225 434 -51 -7 250 361 108 190 -281
-54 -5 119 -50 39 -141 -105 283 -41 -206 232 29 184 253 -94 119 -109 79 -94 -22 -171 109 155 139 58 -398 -20 -108 -73 -72 57 218 114 305 -258 44 633 236 -280 -271 37 -127 -5 -129 -453 324 123 163 89 -240 59 87 293 2023 130 -487 -272 -154 -16 -471 57 441 450 -572 -73 -385 -97 -72 -169 187 289 -26 464 -424 -121 -107 448 -67 116 -358 339 -87 110 132 -260 9 -282 -292 481 573 745 -67 0 156 278 -234 1 196 -50 -134 59 194 -246 45 -412 -127 432 72 -383 -315 -398 -269 126 28 221 379 -6 -418 -141 384 -33 -18 -36 -412 315 -47 -167 1 214 -851 -77 101 -215 -164 -151 158 -297 503 237 -156 164 -360 -341 -341 -368 206 180 -150 241 -59
-54 -61 -35 107 56 149 217 -58 72 94 -180 441 -44 -165 94 -3 108 -58 -133 3 49 153 165 -154 1 -51 81 -190 -222 27 166 -240 -132 402 -236 365 155 164 135 -216 175 -46 191 -19 -437 -301 19 -47 -3 36 159 -190 -24 130 2032 -184 -292 -303 117 433 -616 -13 -112 -95 -497 -96 38 -287 47 -239 62 -371 87 208 -479 79 123 -270 -178 -133 -303 633 -23 -409 587 -285 235 276 387 -51 -581 -242 -187 86 -101 -175 -387 328 90 -332 -12 505 -335 -501 -123 193 148 -66 160 -171 400 133 63 40 112 465 -325 -292 -439 -149 144 205 247 139 193 -417 209 356 -318 -351 -73 -413 153 310 -90 -54 619 24 234 89 138 -504 -123 -466 147 15 120 -21 -39 -57
30 73 54 -53 -116 26 27 -90 28 79 -93 6 126 -29 -41 19 -245 211 251 88 252 188 -74 -264 32 442 152 106 385 -124 45 10 404 -64 88 -143 -24 37 81 -42 -57 -385 -110 -85 207 378 -145 -215 -203 -95 -191 105 -503 -487 -184 2251 -261 246 -546 -139 407 -286 196 102 -423 -224 8 -248 206 -72 -133 132 -320 -7 -175 -621 -211 259 -33 -81 227 75 -204 131 288 427 53 196 -351 -145 -320 214 329 -8 -98 185 -168 -252 168 -212 -74 327 567 59 531 5 -185 441 354 -203 23 27 -184 197 21 -199 -1 281 -321 -4 -583 -140 -630 -110 175 62 -117 -58 -425 124 -291 345 259 139 -392 220 303 -375 72 -448 381 -255 -154 151 -182 -520 -325 -217 -288 98
60 106 48 -183 -37 -230 -222 -80 -156 -275 10 -172 -47 48 -14 128 -104 -308 -150 333 6 -70 -258 -51 73 -6 208 279 51 46 -269 236 17 -12 -205 -41 50 -394 30 -78 -561 -504 -137 -38 117 369 -97 272 -338 -365 223 221 33 -272 -292 -261 2364 568 443 -119 -333 -53 466 -577 -169 12 -84 -352 387 -233 -143 190 -153 167 215 519 175 -200 -19 709 39 -347 -77 -106 25 -502 448 -94 -337 -3 271 -388 -177 -274 92 -331 19 -175 682 -418 69 275 -559 120 315 261 375 20 116 635 116 302 -206 102 132 -16 280 -285 869 -494 -28 136 -8 199 -538 273 -109 -178 171 -45 187 69 155 2 161 -66 91 16 67 -512 138 -27 -154 -430 -123 -50 112 258 266 591
48 104 70 -128 -161 -41 -254 -40 -42 -148 -51 -381 -107 117 -127 -8 -206 -69 48 -74 -111 234 183 -6 -199 -169 25 427 265 153 -194 -130 58 -49 224 -205 57 -228 -4 447 -43 260 -226 -56 -39 -288 101 432 247 -323 80 -440 -530 -154 -303 246 568 2692 97 -161 -332 -293 -197 -199 -246 504 -28 -208 -233 54 357 -56 142 -723 196 349 227 391 -398 13 239 -70 -238 -241 -10 -195 -363 357 -28 39 -181 -149 314 -294 102 -259 163 469 516 -365 -174 116 500 557 419 -85 -45 12 75 453 200 1 -250 -74 -194 -508 953 403 -401 -493 -6 128 226 307 -370 -425 107 516 291 426 -96 314 289 -182 31 -647 -96 -506 -264 189 -63 -332 184 -85 -511 -154 -19 175 -262 -21
30 -7 11 -127 -108 -58 -236 17 28 -108 156 -228 -179 10 103 -31 148 -116 -90 4 -278 60 -163 -201 254 -179 -2 269 -111 173 -144 43 32 86 30 -86 44 -152 -263 -160 -494 -211 111 228 219 -62 281 -302 88 226 128 -242 -55 -16 117 -546 443 97 1963 171 -683 278 -140 -247 320 239 -62 -156 50 -154 -50 210 214 -376 -194 -25 -41 337 -69 147 -16 7 -246 68 -392 -207 617 402 83 121 -63 536 -333 -97 -761 -125 -193 -69 -6 -180 227 152 -690 -448 -92 347 142 107 -220 91 255 -53 363 137 -148 -43 256 -360 441 -236 -218 22 187 299 -99 374 177 224 -17 298 49 -546 254 -256 176 -370 -357 -328 534 108 -291 14 -56 127 -60 67 325 382 -75 115
-18 -63 -43 113 -29 194 199 -6 178 256 -132 34 10 -72 1 -186 108 72 285 -119 -267 82 125 -9 -181 127 -14 125 67 -11 -342 -91 -105 85 -121 207 80 21 -104 -443 -2 453 -87 -155 29 -207 88 272 282 354 -206 56 -403 -471 433 -139 -119 -161 171 2712 -308 37 -164 -220 -683 -459 225 320 -259 396 268 -69 327 190 34 -214 -619 -247 129 -633 -306 142 188 178 -470 -35 -169 417 24 126 -312 -87 294 552 229 -280 -320 349 -220 -513 -102 47 -390 -287 -381 424 -282 -399 120 -119 22 321 160 -212 317 148 312 -47 -634 73 108 -313 217 12 -48 -228 170 690 286 241 420 -230 -37 214 -56 252 235 -580 73 357 -425 23 -181 -223 68 305 -266 573 -506 -203
-60 -74 56 -27 79 -109 77 23 180 -28 161 123 123 66 -50 -17 -116 123 -133 57 255 -15 -165 76 202 100 -167 -208 230 -322 235 278 -102 -319 160 25 128 -283 171 267 631 204 97 -199 236 -107 -34 -473 334 217 35 387 -76 57 -616 407 -333 -332 -683 -308 2486 214 322 26 291 -756 -74 -191 141 187 196 302 -304 225 0 -326 -372 213 -27 -206 -244 59 178 -104 -284 11 -257 311 -72 236 419 -92 808 555 396 378 -196 -373 88 -170 119 153 272 -139 207 -323 193 -377 57 -161 -840 99 -50 316 -98 -124 -659 -209 116 685 -441 -83 56 -48 -137 17 -85 -686 -227 -257 -120 521 138 212 -172 -8 -222 360 -108 61 -55 40 -287 449 27 283 -500 -83 257 123
24 52 -28 -22 3 -2 -67 -123 -135 -110 -45 -158 -205 -17 -3 -77 -33 98 -142 128 99 -202 57 42 126 162 155 -213 -89 -253 -20 89 317 52 375 -143 329 -165 -129 -133 125 -51 -60 -64 -396 -55 -171 -18 264 10 -134 89 41 441 -13 -286 -53 -293 278 37 214 2354 24 96 -462 -52 148 -138 -198 309 122 -22 -751 -3 -111 -176 281 -477 29 84 -736 -293 -47 -408 -424 188 130 158 -148 -113 -161 168 -362 296 -92 -531 -78 -418 -378 288 44 320 85 -84 192 -399 389 259 -277 -100 -523 -50 23 -277 534 443 -100 -341 -160 -216 104 430 236 284 282 -304 -54 318 183 -7 261 7 -416 -141 -10 164 -547 397 -482 -153 -123 136 -265 -304 26 42 313 320 18 -124
6 77 82 -96 12 -144 5 -43 63 -139 169 -113 111 204 -222 -23 -86 -63 -19 175 223 -122 -35 191 170 85 -175 113 262 71 -42 383 57 -277 -72 49 283 -123 -440 54 82 -444 -121 -139 -410 587 -567 97 -96 9 256 220 -158 450 -112 196 466 -197 -140 -164 322 24 1939 -170 7 -545 -238 118 72 -111 -275 -69 -288 -76 -126 -186 559 75 54 308 -182 -182 284 182 -50 -66 -188 221 294 150 427 -154 160 395 275 141 -71 -79 104 -83 -187 169 -10 271 -26 -393 383 84 -44 -555 -55 55 -120 210 -51 -169 23 -386 190 -47 -358 -331 351 -123 25 505 359 -328 -229 -434 100 -93 151 235 -81 159 437 65 -46 -444 417 196 -221 -252 102 -145 72 -117 367 707
18 -49 -111 109 13 142 52 -59 57 175 -24 1 -99 -90 71 -56 107 106 -31 -227 49 -112 -33 19 7 89 -174 -178 -132 -28 261 -247 75 254 288 -107 -31 66 3 109 -127 79 52 -64 -145 -352 -46 64 -261 47 10 11 -94 -572 -95 102 -577 -199 -247 -220 26 96 -170 2368 -117 480 -163 -14 -113 659 -155 31 -1011 134 402 254 -60 -128 749 -29 -12 -67 73 247 779 -74 -264 -462 -30 -117 -416 431 261 -327 -284 533 525 -243 234 696 -407 -273 131 6 -265 -226 -210 64 -51 -15 327 -73 -395 -173 97 -488 -377 367 350 334 -49 -515 1 224 312 16 273 -271 -151 -180 -363 -436 -311 -96 188 -216 -105 -575 19 353 -68 408 286 153 -26 -215 120 -2 -78 -98
36 -50 -73 -56 84 -182 -177 93 -142 -75 191 -186 -71 -75 188 51 169 -129 -149 127 -37 121 -118 27 14 -265 -178 -154 -104 29 64 263 -21 -148 209 -331 -639 -348 -492 171 -477 210 -36 573 121 -143 -104 -42 132 567 -32 182 146 -73 -497 -423 -169 -246 320 -683 291 -462 7 -117 2756 445 169 -118 505 -491 -130 360 300 159 -61 288 231 274 102 -138 550 132 -53 139 20 433 304 492 552 322 327 18 -391 49 164 560 556 -288 -112 245 790 220 8 -144 -203 -135 -32 85 181 -225 341 -10 5 -410 -597 419 -364 331 811 81 328 254 -89 -212 -206 542 294 -413 -98 63 -232 364 -151 -332 309 109 167 191 129 -134 -4 1 -121 559 -54 94 -293 270 407 59
48 -24 -59 0 -115 83 -151 97 -183 -5 -114 -63 -167 -350 51 39 44 -93 -30 84 34 117 29 -102 -194 -108 23 -168 -176 -150 40 -531 110 -254 182 -58 -509 -64 -310 108 -261 -25 127 409 -88 -328 -476 -17 69 -72 -116 -241 166 -385 -96 -224 12 504 239 -459 -756 -52 -545 480 445 2438 185 72 118 172 -182 -479 67 -540 -390 725 146 -158 -21 23 197 -48 -615 -329 479 293 244 -92 300 -465 -171 -210 -154 -150 -864 -75 522 54 -228 151 -192 -356 228 372 198 -445 -796 562 26 -117 276 -111 207 -348 -298 -187 380 446 182 -116 -28 211 -297 537 -429 -169 -72 271 334 324 275 -214 -274 -263 -331 -406 -142 -310 -604 -61 -444 135 854 -168 297 -60 -5 -55 163 -146
-42 -35 91 -85 -64 -35 -47 72 218 44 161 14 49 194 37 -62 126 157 105 351 143 244 -168 101 501 -81 -33 406 59 -193 186 -50 -44 -206 388 297 91 -443 15 -2 21 76 193 -183 49 -106 -196 -180 -65 -75 -98 4 39 -97 38 8 -84 -28 -62 225 -74 148 -238 -163 169 185 2254 -31 -96 -544 111 85 262 83 91 -162 -540 -409 -231 -345 410 -289 -81 58 -207 63 -12 112 116 76 -426 118 11 -336 -358 -146 -76 46 -171 2 83 101 79 -45 349 -79 329 -188 -49 314 134 101 412 494 -319 93 158 -179 -243 38 -250 461 267 -166 190 -109 -394 216 293 272 -48 -138 -213 -148 -176 369 142 -36 -176 256 147 -621 -33 -510 255 -350 490 226 -349 -273
42 -21 -63 40 -109 166 107 14 -45 4 -275 53 -116 -158 259 -9 62 40 -25 8 218 54 500 102 -81 -379 -17 -18 13 196 -247 -187 -247 -723 118 -3 21 415 175 159 391 126 178 466 126 -188 -470 224 -205 -398 -329 272 197 -72 -287 -248 -352 -208 -156 320 -191 -138 118 -14 -118 72 -31 2900 -21 84 295 -469 325 -274 671 188 -218 -692 519 -178 -47 -316 190 636 -255 -158 468 -501 98 -186 -119 -212 -390 -153 642 413 -93 -262 -229 454 -147 -340 440 324 -144 -78 -481 126 -48 -241 -514 -193 155 -110 35 -235 502 -488 31 452 -296 -402 633 365 494 155 -187 396 286 -350 343 121 9 -32 -165 520 -54 150 115 496 -125 1054 -129 -289 423 533 617 489 317 -857
-54 -77 -3 29 14 57 -44 -2 2 143 68 104 -50 -49 256 35 206 103 95 -62 -95 98 -2 -127 68 115 55 335 -229 -270 357 63 104 246 41 24 -385 -40 -307 -488 -1 -255 82 297 330 115 335 -291 185 244 -132 -239 -488 -169 47 206 387 -233 50 -259 141 -198 72 -113 505 118 -96 -21 2521 68 -74 161 -128 132 -22 172 18 72 -72 257 471 -303 270 361 19 -245 730 411 111 297 -113 -89 265 -277 339 -401 144 -630 310 80 188 147 35 6 108 545 -274 339 153 393 342 672 202 -309 -126 236 -125 394 380 -91 -310 -224 -46 586 279 269 -487 244 -226 164 193 -200 688 -97 363 62 407 -42 -63 -139 56 254 -468 112 18 -152 -455 -80 134 131
-6 -45 43 -48 -60 -38 -100 173 104 -43 187 -184 56 140 33 -63 -173 409 15 -104 -95 82 54 -96 -229 -149 48 134 97 -194 4 7 535 445 122 -199 92 3 -198 74 307 -29 -32 -39 203 -123 566 184 -89 -66 -162 -28 -431 187 -239 -72 -233 54 -154 396 187 309 -111 659 -491 172 -544 84 68 2889 120 -217 -757 -274 -111 -161 505 -260 -295 -153 210 -476 46 253 -168 -668 -232 -243 -282 39 766 -110 -147 -48 -203 31 -23 -85 138 220 -260 -475 514 -8 -416 -252 -261 -382 42 183 -353 84 -199 -288 78 -229 64 238 28 -279 116 -242 -673 163 -80 22 -325 -267 177 -197 197 -26 -229 -298 -66 -152 327 -522 38 535 -117 368 -377 329 -44 -239 -317 278 27 525
0 40 18 -25 -23 31 21 12 -123 -76 -19 -22 -80 32 146 -87 -131 344 -128 109 -224 -164 122 -186 27 -112 272 -38 -187 -203 40 -122 75 -213 161 -214 -126 -2 42 -118 61 66 370 117 -34 -553 -228 215 71 -251 0 167 162 289 62 -133 -143 357 -50 268 196 122 -275 -155 -130 -182 111 295 -74 120 2493 -77 236 -208 -706 -354 -394 -260 -224 -487 -103 308 74 111 -446 101 -115 -36 -63 162 -76 117 258 285 -5 309 -199 -423 401 -43 -10 340 211 480 -269 29 71 171 -786 269 -315 3 127 60 -389 238 67 -99 64 586 -7 -1 469 -237 -221 -549 -565 67 245 -742 -439 333 -47 -600 -88 -165 -280 -183 -217 299 -411 -41 -117 256 -441 97 49 -65 223 -287
36 46 -48 -40 78 -116 -68 -172 28 -17 166 -152 -56 141 -27 -44 252 -144 148 142 -67 4 -301 -88 50 128 72 81 -99 150 107 186 101 40 205 -81 141 -235 28 0 -212 -12 -236 -324 231 412 335 -255 -82 174 93 156 358 -26 -371 132 190 -56 210 -69 302 -22 -69 31 360 -479 85 -469 161 -217 -77 1941 -280 -135 101 -512 -715 11 3 578 -288 -138 78 35 -122 191 -276 203 -164 49 368 -4 -334 -650 392 -364 121 -193 573 281 -72 -145 -397 63 167 527 104 20 -290 67 247 87 -273 156 -45 -46 -249 253 442 425 -214 -38 -171 67 162 407 299 -185 170 248 -5 -612 123 -538 115 53 -68 158 132 354 -39 -170 -46 470 -333 -125 -131 -69 -332 -261
-12 -34 44 -35 -50 -10 20 156 -21 -57 51 54 72 -58 72 4 24 -45 -90 120 -79 91 -60 99 65 -160 -200 -48 -13 18 -105 -126 -85 -239 -505 274 -200 95 103 -155 -211 -28 170 463 -85 -93 -276 219 158 229 312 118 306 464 87 -320 -153 142 214 327 -304 -751 -288 -1011 300 67 262 325 -128 -757 236 -280 2675 -394 -122 74 -631 -59 -372 -596 91 20 84 -36 -102 -181 297 110 395 127 192 -574 -178 -81 -460 -17 -187 568 -318 -84 25 -18 -374 -420 -251 704 33 -376 -79 -256 270 -139 469 84 -44 57 320 54 -351 278 -72 148 16 -125 -278 -289 -179 95 -47 -303 237 606 198 248 -102 309 -229 214 232 22 -151 -464 211 -136 -378 401 231 112 -600 -181
-24 -52 -42 132 34 124 122 14 34 180 -228 16 16 -84 -78 -26 -92 -81 55 -156 -164 -187 -27 55 -238 522 -57 -118 -248 -186 -4 342 115 370 -181 104 -301 -62 50 -123 172 277 195 164 323 -233 45 -337 38 589 375 174 61 -424 208 -7 167 -723 -376 190 225 -3 -76 134 159 -540 83 -274 132 -274 -208 -135 -394 2963 -133 -193 -146 170 290 21 -36 -287 605 125 197 -394 -273 68 316 71 -342 -2 -310 505 -83 -312 225 -17 -80 69 361 -89 -305 -576 77 -349 418 -242 -234 -140 156 215 -179 89 255 165 -266 231 268 -247 153 137 278 -35 212 13 44 -591 -451 78 -527 82 337 499 19 679 347 455 -105 138 93 622 56 230 -454 -104 191 144 324 450
-24 -12 88 -21 -68 -34 -157 139 38 -60 79 -218 107 90 -232 96 -168 -198 96 -209 -240 68 183 402 -108 -2 -278 189 53 219 -560 41 -348 31 -71 16 -1 -230 100 180 -13 210 -159 149 177 71 -149 230 230 -100 -603 -242 -190 -121 -479 -175 215 196 -194 34 0 -111 -126 402 -61 -390 91 671 -22 -111 -706 101 -122 -133 2970 237 76 84 885 35 350 -75 158 -120 -104 -512 -155 -64 -611 521 -76 191 -619 -542 790 -72 268 -208 -214 -14 -141 -26 79 -81 -292 282 -298 -85 57 311 65 -593 -428 -389 -50 159 359 -55 293 -291 194 -369 -78 -166 556 437 359 226 -119 -215 -306 -120 -20 68 918 -373 -262 100 449 330 252 171 -732 257 141 307 70 77 396 -685
30 -55 -96 9 -15 38 -65 -27 -62 41 -192 37 -204 -240 218 13 187 -285 -114 -102 -55 201 63 36 -45 -361 -33 -247 -160 143 -76 -146 -270 -42 -13 -116 -142 109 -244 5 12 174 -33 344 -127 -364 -58 406 -233 -78 87 0 453 -107 79 -621 519 349 -25 -214 -326 -176 -186 254 288 725 -162 188 172 -161 -354 -512 74 -193 237 2396 171 -288 8 225 158 -110 -372 283 -74 -146 135 -82 243 -272 270 37 77 -46 -403 -189 97 330 -24 -300 210 -138 -377 180 -95 -287 -46 -672 59 273 -312 49 -177 104 -146 -111 -221 221 -156 -199 425 -323 209 554 17 22 -557 246 352 86 395 132 -210 224 457 -157 220 69 -80 -177 -77 -160 68 -567 518 387 -199 500 402 -97
60 74 14 -101 -44 -140 -206 -26 -94 -181 41 -191 -9 -5 -143 108 -168 -159 -29 -93 119 201 143 154 -116 -13 10 -400 220 303 -265 -86 2 189 144 -341 52 -254 -231 443 29 -364 -46 95 -480 -75 65 185 -76 -254 -353 -113 -344 448 123 -211 175 227 -41 -619 -372 281 559 -60 231 146 -540 -218 18 505 -394 -715 -631 -146 76 171 2600 510 167 -247 435 402 -29 -435 115 -402 10 -314 -30 -37 -152 144 -376 187 380 314 528 -19 -41 -69 -533 194 384 510 -102 -986 -115 639 72 -65 -325 -70 -418 -212 264 422 76 -119 360 -1024 334 257 -417 -386 226 38 -196 27 -320 -105 157 280 -147 -104 44 12 89 2 -160 -147 257 -264 47 -77 23 -428 493 -140 598 349
-30 -41 78 -3 -100 32 -149 238 111 55 88 -164 62 39 -343 -55 -77 -8 288 -300 -272 100 -21 119 -29 161 -163 121 114 111 287 1 33 13 227 -318 -72 -146 -146 -20 155 36 -456 -60 54 132 319 -100 417 95 -243 -392 -15 -67 -270 259 -200 391 337 -247 213 -477 75 -128 274 -158 -409 -692 72 -260 -260 11 -59 170 84 -288 510 3143 -97 -305 626 126 60 -398 294 -69 -208 676 -522 46 -404 508 625 -333 190 409 126 -258 -89 -550 -456 -239 162 -4 -104 -188 559 687 569 -227 -120 -709 -753 424 511 473 384 -46 21 45 41 -135 -198 -324 -127 1057 400 -49 -632 -49 -221 454 434 522 293 -372 111 -275 386 474 155 178 -241 1013 -213 -288 171 656 515 36
24 36 -10 24 14 -25 -44 30 -182 -17 85 -97 78 -109 -137 68 -190 -18 3 -91 -98 -136 66 110 -60 100 102 -125 -108 132 25 -10 -164 157 227 63 117 -308 3 -263 -327 -45 -61 -254 31 225 -263 -16 -135 -152 -58 128 -11 116 -178 -33 -19 -398 -69 129 -27 29 54 749 102 -21 -231 519 -72 -295 -224 3 -372 290 885 8 167 -97 2996 -447 38 454 257 -746 231 167 -741 -117 -145 -139 -359 -198 475 -336 419 295 681 -58 -443 -1 227 206 215 28 -690 193 -149 557 402 -561 -430 126 -408 -192 54 54 -489 -298 404 -7 -252 -53 120 215 33 34 -204 -956 -367 -326 -241 -346 -120 -204 351 -163 -590 -175 541 -50 94 79 304 -209 -341 130 55 -26 204 25
30 97 -36 -20 26 -2 -15 -297 -146 -63 -125 -9 -168 -1 87 61 272 -360 -8 169 212 -80 -106 -29 164 103 5 178 -264 364 -185 344 -100 -411 -84 -216 -40 -125 -39 -13 -168 -41 -312 101 -117 235 -291 60 -5 28 84 -219 240 -358 -133 -81 709 13 147 -633 -206 84 308 -29 -138 23 -345 -178 257 -153 -487 578 -596 21 35 225 -247 -305 -447 2888 -355 -406 151 274 44 -406 592 166 -283 -274 717 -39 -957 98 -422 -49 -261 -430 229 446 -89 -260 -320 366 465 192 299 -89 -459 445 -125 462 -424 594 107 -756 9 27 319 23 104 -645 -511 380 -98 -161 350 -96 -248 889 -128 -542 222 353 250 184 -402 147 -81 -13 584 -155 -89 391 24 79 -484 132 207 107
-42 5 130 -56 -45 -91 -212 304 -55 -43 289 30 267 253 47 294 39 161 232 108 -14 355 239 -17 358 -224 124 496 204 -21 189 17 117 -145 222 -429 -392 7 -321 109 -502 -97 -272 -116 262 21 235 -237 69 -458 -500 -545 -556 339 -303 227 39 239 -16 -306 -244 -736 -182 -12 550 197 410 -47 471 210 -103 -288 91 -36 350 158 435 626 38 -355 2955 93 -115 196 78 354 -303 293 133 -192 -746 46 430 -131 -112 79 -16 -52 222 122 -173 54 -140 -247 -219 11 112 -384 424 514 154 -84 -167 556 -298 270 -23 23 -161 369 450 -309 -629 32 689 549 -152 45 -646 -300 -474 563 54 -489 -40 243 302 -167 802 -187 498 -246 -555 -373 -543 -682 194 -272 -6 318
-24 28 57 -2 -43 59 88 -12 0 48 -86 133 50 -90 -125 -69 -73 34 161 -3 -88 93 -107 -226 -2 -90 294 -344 -143 280 26 -235 -22 43 132 -196 -21 70 65 -296 176 -84 8 -270 49 13 -386 96 -54 -159 -189 -315 214 -87 633 75 -347 -70 7 142 59 -293 -182 -67 132 -48 -289 -316 -303 -476 308 -138 20 -287 -75 -110 402 126 454 -406 93 3336 34 -618 395 457 138 37 -142 -175 -522 -158 258 -93 647 26 274 -686 78 -142 -355 -348 -65 143 -683 122 -451 157 -37 114 365 28 -443 119 -250 38 45 -506 -405 -331 657 455 94 168 -584 -400 151 -405 -152 56 -139 212 -54 198 -44 -671 -189 -136 362 114 734 -332 221 -316 -260 -224 -224 -417 91 -212
-54 35 60 7 30 19 23 -227 -91 98 77 -25 36 -102 -24 40 -222 24 -106 -275 -32 -189 -98 -16 208 96 247 126 188 185 108 277 -70 133 306 47 117 3 -78 -455 172 -83 -273 -525 270 51 215 91 292 302 -230 -271 -204 110 -23 -204 -77 -238 -246 188 178 -47 284 73 -53 -615 -81 190 270 46 74 78 84 605 158 -372 -29 60 257 151 -115 34 2907 436 170 -130 -629 225 -110 -176 -49 120 -455 -14 146 694 117 -359 184 -60 310 -65 -85 61 196 318 209 -642 -6 141 -406 32 -207 351 551 -606 587 -352 138 425 22 334 342 -401 116 -500 456 75 -498 -657 -174 -44 635 356 -264 31 -115 -29 228 390 645 454 -243 487 223 63 -484 -287 157 -101
-36 -110 15 -10 -38 25 -2 181 207 113 -42 140 56 145 348 30 163 158 86 -101 -134 290 -35 -274 40 -413 86 175 86 -178 105 206 315 292 -202 -89 136 549 -236 -325 -93 65 208 172 421 36 548 27 -248 240 148 8 141 132 -409 131 -106 -241 68 178 -104 -408 182 247 139 -329 58 636 361 253 111 35 -36 125 -120 283 -435 -398 -746 274 196 -618 436 3003 -264 22 531 -379 350 245 271 843 154 443 -93 80 -346 318 752 105 -251 86 -409 100 60 386 -160 -59 -661 -207 28 118 459 -221 80 -835 374 106 138 320 -165 -633 137 -341 450 -4 -198 659 -146 138 261 289 340 -271 -184 301 391 -165 -19 236 -15 754 -372 458 171 412 -250 131 307 -192
30 33 -34 46 11 34 103 31 -104 -70 -171 221 21 -121 -143 10 24 -66 46 199 377 -4 -67 -34 1 -65 70 -295 -43 128 278 -456 -4 -97 118 38 51 120 195 214 -212 -80 -207 -162 -594 -113 -439 -56 80 -220 -232 -44 137 -260 587 288 25 -10 -392 -470 -284 -424 -50 779 20 479 -207 -255 19 -168 -446 -122 -102 197 -104 -74 115 294 231 44 78 395 170 -264 3365 390 410 81 369 262 -694 -347 518 -593 122 790 198 -199 376 269 -316 21 -249 -189 -114 183 -162 891 777 36 883 41 -343 80 317 -123 -315 422 338 -114 -112 -214 -464 0 -194 134 200 -4 -429 -381 -303 87 454 510 -453 217 156 224 354 237 166 522 203 -286 384 -372 -263 -45 409 356
-6 11 -41 109 90 58 124 94 17 61 11 136 55 61 -216 2 183 31 137 297 153 -157 135 -55 27 168 111 -67 -8 -143 230 -77 287 -272 170 -155 -132 150 -156 119 -414 -24 -366 -319 -69 382 -217 -640 227 -150 -266 -68 -251 9 -285 427 -502 -195 -207 -35 11 188 -66 -74 433 293 63 -158 -245 -668 101 191 -181 -394 -512 -146 -402 -69 167 -406 354 457 -130 22 390 3493 0 -113 172 127 -7 -32 719 454 -110 167 25 -39 -242 -7 731 -168 57 208 225 -514 86 218 487 -240 286 -641 -108 -206 580 472 440 -84 -336 649 22 154 244 42 248 175 599 101 346 159 -78 -30 -423 -396 153 165 175 7 -511 -93 -338 505 -206 -103 370 -426 -657 -993 392 149
42 -21 -98 -10 -17 55 77 -137 -100 -70 -204 164 -231 -226 358 -13 326 -219 -195 299 306 80 11 -21 103 -229 -118 -178 -363 228 -22 -10 -174 -461 49 195 -147 -4 41 -197 -104 -179 189 815 -142 -103 -472 -206 -278 271 -217 575 400 -282 235 53 448 -363 617 -169 -257 130 -188 -264 304 244 -12 468 730 -232 -115 -276 297 -273 -155 135 10 -208 -741 592 -303 138 -629 531 410 0 3700 -29 -128 507 53 -481 13 158 -268 20 -712 -306 -66 636 -484 -231 -240 -241 273 422 -222 489 -218 22 468 -138 299 -504 -139 61 148 366 -360 140 -229 -127 441 597 -345 426 -270 689 363 329 234 5 -206 247 14 89 -218 -48 -216 67 -323 319 -462 120 728 193 171 548 100 -108
-36 42 61 -29 15 -6 70 -132 -68 -90 24 78 -51 -93 -144 -78 -96 36 -56 237 217 -79 8 -284 191 353 -26 245 -54 -240 211 337 -34 -584 404 -53 -282 -608 -173 -128 309 443 -384 -190 -287 -179 -115 -332 649 337 -233 -625 -656 -292 276 196 -94 357 402 417 311 158 221 -462 492 -92 112 -501 411 -243 -36 203 110 68 -64 -82 -314 676 -117 166 293 37 225 -379 81 -113 -29 3611 -163 212 -394 -117 271 412 -223 -270 117 217 -223 -244 204 420 -91 -495 136 314 209 -434 275 -303 -151 820 359 -30 -52 376 -1117 165 -166 -471 -337 180 -177 573 -637 -181 361 418 -469 20 188 68 1036 539 14 -564 109 -314 440 104 -8 -111 -2 433 154 -284 -77 385 -759 -458
30 -15 -71 6 58 -44 -19 76 11 -33 -32 -32 -78 115 124 -27 342 -167 85 -31 -76 206 196 -150 -121 -106 -157 -250 -137 -28 -92 125 -9 205 -374 -163 -196 219 -474 84 -23 180 359 143 -452 100 150 -52 202 -17 548 -22 40 481 387 -351 -337 -28 83 24 -72 -148 294 -30 552 300 116 98 111 -282 -63 -164 395 316 -611 243 -30 -522 -145 -283 133 -142 -110 350 369 172 -128 -163 3170 -133 141 -138 -83 252 -392 318 380 1026 -282 -113 315 -264 -401 -113 172 -173 45 -196 -289 -744 415 819 467 331 21 -236 135 -65 130 103 227 -554 335 -192 78 -15 -99 333 -285 -233 -464 -138 92 66 150 254 -85 336 -419 -34 -492 165 -194 -286 -190 89 442 119 -434 477
-42 -51 88 -9 -32 -30 24 219 173 -63 -46 152 190 177 -97 43 -86 19 141 87 -41 228 -20 106 -125 -14 -89 -93 -116 -335 -257 235 46 59 -159 250 252 -187 110 -259 195 378 217 162 -381 31 36 -274 325 155 -438 239 -198 573 -51 -145 -3 39 121 126 236 -113 150 -117 322 -465 76 -186 297 39 162 49 127 71 521 -272 -37 46 -139 -274 -192 -175 -176 245 262 127 507 212 -133 3593 811 -153 251 -295 642 -600 13 380 305 -613 100 382 157 240 -519 184 258 628 -333 -350 209 -133 -129 -558 -299 500 -460 370 -358 2 -319 -285 539 -1083 48 445 -34 396 434 -52 -313 -195 211 414 225 -170 6 549 -119 836 -566 -103 -135 244 -197 173 -398 81 478 60
12 -46 25 -95 -15 -133 -57 172 161 -194 175 -21 30 169 56 7 23 49 -170 198 142 249 91 -127 78 -353 -236 0 -75 -84 -107 514 235 -36 -108 -127 334 -211 -334 -24 218 51 -137 -46 -154 219 34 -73 -213 56 334 104 127 745 -581 -320 271 -181 -63 -312 419 -161 427 -416 327 -171 -426 -119 -113 766 -76 368 192 -342 -76 270 -152 -404 -359 717 -746 -522 -49 271 -694 -7 53 -394 141 811 3784 347 -707 139 -153 369 353 118 92 -797 251 -151 -189 556 -182 -477 -157 -366 -348 -202 -280 165 126 -208 53 -69 -464 -408 265 591 -307 -1009 -2 -388 -354 125 -103 -367 852 20 -456 -86 -668 53 556 -59 -395 -141 136 -274 -443 -121 96 526 -14 650 -148 180 243 615
-18 -47 51 -73 -92 -21 -215 78 214 25 213 -208 -27 257 86 -31 69 205 145 -318 -226 252 -81 -146 151 -184 -39 234 10 199 32 20 50 483 303 -181 263 -112 -170 189 29 289 206 137 216 -480 687 -518 148 76 -114 -343 -337 -67 -242 214 -388 -149 536 -87 -92 168 -154 431 18 -210 118 -212 -89 -110 117 -4 -574 -2 191 37 144 508 -198 -39 46 -158 120 843 -347 -32 -481 -117 -138 -153 347 3283 -95 239 -38 787 -26 -205 227 -658 231 667 -747 -287 146 -497 29 84 -390 393 164 162 750 -154 163 -128 231 58 407 -16 229 -515 -24 -246 656 36 510 249 -49 284 -729 -86 -347 -278 896 -229 -288 -192 298 72 146 81 -29 718 -179 -34 265 -4 489 338
-48 16 61 73 41 51 186 65 25 123 -86 241 235 93 -142 -14 -120 219 234 18 138 -243 -101 188 -89 126 198 296 332 -333 387 -72 104 -169 89 120 74 153 280 -221 100 244 -190 -395 152 99 23 -210 143 -11 101 -209 -420 0 -187 329 -177 314 -333 294 808 -362 160 261 -391 -154 11 -390 265 -147 258 -334 -178 -310 -619 77 -376 625 475 -957 430 258 -455 154 518 719 13 271 -83 251 -707 -95 3936 521 227 -656 -254 -169 419 -612 -64 48 524 134 -168 263 -141 56 560 -185 -249 18 -337 271 -149 -194 -322 455 -550 302 -70 -224 530 157 96 72 -134 -397 -128 -123 408 501 205 -125 238 -276 345 444 -107 -209 -325 227 86 -522 284 -363 -786 -585 204 189
-60 -74 35 -9 64 -39 119 -3 163 -32 136 220 64 -29 66 32 -84 9 -365 108 201 78 52 -134 -55 -118 -433 -15 -112 -193 202 310 -218 -169 90 331 -119 -227 -155 4 59 144 387 -312 -90 -225 -306 -247 38 331 -101 39 -729 156 86 -8 -274 -294 -97 552 555 296 395 -327 49 -150 -336 -153 -277 -48 285 -650 -81 505 -542 -46 187 -333 -336 98 -131 -93 -14 443 -593 454 158 412 252 -295 139 239 521 3521 -289 -120 -207 243 -146 -482 335 435 -327 -151 -350 -655 23 -321 -276 -263 -611 -130 619 -107 87 314 -134 -296 202 257 213 31 135 -65 -80 -997 71 171 516 -251 597 251 102 -321 395 -19 -148 88 -316 -211 -500 -6 -125 394 289 187 -744 -508 418 113
0 32 -1 66 35 44 158 -9 35 13 -201 -10 55 119 -178 -91 3 -100 233 -117 0 -130 329 315 -201 76 103 -68 257 66 -110 184 -23 -95 -97 -37 234 268 141 -284 244 27 -249 75 130 460 131 370 -55 -110 -134 305 -101 278 -101 -98 92 102 -761 229 396 -92 275 -284 164 -864 -358 642 339 -203 -5 392 -460 -83 790 -403 380 190 419 -422 -112 647 146 -93 122 -110 -268 -223 -392 642 -153 -38 227 -289 3675 -88 93 -426 314 181 328 63 347 896 -443 -299 -713 685 18 101 228 -303 0 -695 371 566 2 20 344 -71 580 -243 643 -104 261 302 425 111 324 -436 23 140 -178 -3 386 95 680 345 -220 437 -135 360 -77 -340 -71 445 239 -98 323 -423
30 49 -3 -62 -18 -40 -33 -125 52 -84 214 -112 -63 53 -84 -64 154 -14 -4 -27 239 124 100 25 470 -92 -77 -304 246 510 -147 -186 -257 -412 342 -138 -68 -59 -336 320 -138 -339 82 43 -165 -89 -270 -69 42 -261 -355 369 62 -234 -175 185 -331 -259 -125 -280 378 -531 141 533 560 -75 -146 413 -401 31 309 -364 -17 -312 -72 -189 314 409 295 -49 79 26 694 80 790 167 20 -270 318 -600 369 787 -656 -120 -88 3849 387 112 221 148 537 212 41 325 -177 -396 -339 -180 296 163 266 492 168 183 699 148 -60 -433 664 507 -84 -409 -574 185 -240 72 663 -530 132 -655 -654 668 -455 620 -356 -191 -874 -224 -15 209 -92 153 -26 611 107 32 360 212 -14 141
48 -24 -10 -20 -56 -82 -153 145 16 39 52 -91 180 -74 -136 144 -138 -174 248 -200 -229 20 -265 21 -321 275 21 -284 -58 -218 -75 -104 -3 274 -54 -32 -332 -240 -385 -145 58 -204 278 -460 12 39 269 93 -414 -349 240 -487 248 1 -387 -168 19 163 -193 -320 -196 -78 -71 525 556 522 -76 -93 144 -23 -199 121 -187 225 268 97 528 126 681 -261 -16 274 117 -346 198 25 -712 117 380 13 353 -26 -254 -207 93 387 3668 -19 -344 226 224 -262 273 551 322 -659 215 848 168 451 129 171 -194 -45 21 423 -416 109 1186 -399 -517 59 -8 -116 -11 -401 28 256 770 53 -124 339 -42 -381 819 325 -121 99 394 30 -123 -189 384 -171 -100 -803 149 120 -16 -156
-18 -79 -81 151 89 100 121 125 166 103 21 206 65 109 -24 44 278 -115 60 -136 -109 195 273 60 40 39 -284 -113 -205 -63 22 -120 -348 284 -249 563 140 101 -43 11 -123 308 108 -118 -423 -238 506 -198 76 15 358 167 -6 196 328 -252 -175 469 -69 349 -373 -418 -79 -243 -288 54 46 -262 -630 -85 -423 -193 568 -17 -208 330 -19 -258 -58 -430 -52 -686 -359 318 -199 -39 -306 217 1026 380 118 -205 -169 243 -426 112 -19 4191 -397 -422 -29 310 -736 95 -427 -112 434 -132 -118 -642 431 826 1000 -237 -552 -7 -427 543 -986 -431 -318 -270 531 -453 376 -579 81 234 106 52 -2 -70 339 341 173 -43 6 320 -476 -549 -337 -294 616 -136 478 -82 669 157 -3 16
12 -22 5 -46 13 -101 -11 86 60 -90 -92 284 110 1 110 183 -117 -61 -107 221 -34 133 -60 -209 13 -138 342 71 356 -392 108 -48 205 124 -41 -6 115 67 208 -21 -384 -278 50 -217 155 106 195 139 -345 -107 37 151 -173 -50 90 168 682 516 -6 -220 88 -378 104 234 -112 -228 -171 -229 310 138 401 573 -318 -80 -214 -24 -41 -89 -443 229 222 78 184 752 376 -242 -66 -223 -282 305 92 227 419 -146 314 221 -344 -397 3284 114 -10 561 -88 -172 -339 -158 -211 214 -379 806 865 147 -584 329 175 235 -161 -339 336 41 -231 -154 -235 -198 150 16 74 6 -172 -180 -50 469 141 -60 -697 -184 174 150 529 933 198 -345 -255 4 -387 -27 76 -679 171 57
42 19 -108 105 71 73 122 -36 -108 39 -5 -67 -46 -29 -3 -48 93 51 -100 91 48 -425 25 240 40 148 -108 -170 -64 -102 160 -309 57 -198 -88 89 -114 207 250 174 -338 -325 118 244 1 170 -454 312 -302 54 248 299 521 -134 -332 -212 -418 -365 -180 -513 -170 288 -83 696 245 151 2 454 80 220 -43 281 -84 69 -14 -300 -69 -550 -1 446 122 -142 -60 105 269 -7 636 -244 -113 -613 -797 -658 -612 -482 181 148 226 -422 114 3393 -184 -869 564 91 -258 83 363 -148 -123 -166 778 91 -393 -266 116 85 76 398 217 201 -51 5 -501 943 -136 447 -98 -394 -162 52 -153 169 -211 -184 -284 346 -33 257 -370 706 183 373 -286 -91 -254 -180 106 -470 -607 -232
-54 -29 41 37 41 7 -19 78 -36 -43 121 77 18 -98 -231 57 54 -180 -25 -57 -54 -71 91 -101 228 96 34 -48 -126 62 -318 279 -20 -45 -161 -21 -235 22 -480 -426 -337 -98 -365 -74 421 430 -143 -234 196 -97 -7 -36 -327 59 -12 -74 69 -174 227 -102 119 44 -187 -407 790 -192 83 -147 188 -260 -10 -72 25 361 -141 210 -533 -456 227 -89 -173 -355 310 -251 -316 731 -484 204 315 100 251 231 -64 335 328 537 224 -29 -10 -184 4089 52 -459 21 -14 108 778 -204 221 371 355 83 444 483 79 403 -23 111 344 -410 -382 214 282 144 219 -322 369 -220 -48 -64 -312 107 -181 47 319 -83 366 403 42 -133 -115 -221 -324 -510 -31 252 -167 -599 225 -7
-60 -26 65 -9 112 -146 -88 140 -213 -141 149 167 172 -15 140 283 -320 131 -288 98 -190 97 253 23 29 0 119 93 109 -376 31 169 -156 232 -50 173 -213 -304 46 183 -190 369 307 436 -224 -556 259 -68 -25 352 -319 35 -400 194 505 327 275 116 152 47 153 320 169 -273 220 -356 101 -340 147 -475 340 -145 -18 -89 -26 -138 194 -239 206 -260 54 -348 -65 86 21 -168 -231 420 -264 382 -151 667 48 435 63 212 -262 310 561 -869 52 3966 -727 -72 466 -397 -246 370 -441 315 298 -4 -244 681 -272 794 -893 -99 18 -126 -156 92 262 -138 637 65 -191 101 -779 -477 -860 619 226 -62 63 -572 -357 -73 646 -486 448 -459 -170 196 -220 286 -295 398 570 -189
54 85 36 -52 -95 -19 -16 10 -30 -33 -94 -173 95 69 -119 -38 -352 239 57 91 156 -158 -67 156 -258 148 110 150 425 -484 -132 -204 371 -162 123 2 -194 -169 183 258 230 -92 204 -7 -153 124 -300 293 4 -288 82 -295 -351 -246 -335 567 -559 500 -690 -390 272 85 -10 131 8 228 79 440 35 514 211 -397 -374 -305 79 -377 384 162 215 -320 -140 -65 -85 -409 -249 57 -240 -91 -401 157 -189 -747 524 -327 347 41 273 -736 -88 564 -459 -727 3292 667 -470 -301 -289 325 520 -678 -646 -198 -237 -617 175 -369 552 25 135 194 281 287 -515 238 -72 601 1 -495 -62 -29 215 912 -235 -84 -321 300 -100 -269 -719 130 -20 509 -34 9 -60 -339 65 35 -334 -7
60 106 55 -125 -176 0 -139 -73 64 -51 -2 -375 -94 167 -134 -158 -25 76 264 98 -37 61 42 136 26 45 112 37 126 85 -253 -219 135 -301 326 -227 -10 -198 -341 124 244 -307 172 36 -276 21 -531 127 -71 -437 -201 -83 94 45 -501 59 120 557 -448 -287 -139 -84 271 6 -144 372 -45 324 6 -8 480 63 -420 -576 -81 180 510 -4 28 366 -247 143 61 100 -189 208 -241 -495 -113 240 556 -287 134 -151 896 325 551 95 -172 91 21 -72 667 3715 72 -654 -423 528 -9 67 2 -53 -584 367 -6 -371 -84 288 153 -125 168 -95 347 -212 242 62 -184 588 780 -139 -227 -128 -608 -393 251 -184 -52 -225 -945 158 -46 -88 477 -226 278 -602 105 238 263 100
6 77 47 -50 -49 -8 -62 -147 -109 9 -10 -69 17 80 113 68 49 -4 217 -7 49 11 -85 -200 120 360 132 442 -78 -19 72 281 -4 -360 -35 -72 -240 -117 -249 -59 309 -90 2 96 91 81 147 -89 231 -295 282 -27 251 -412 -123 531 315 419 -92 -381 207 192 -26 -265 -203 198 349 -144 108 -416 -269 167 -251 77 -292 -95 -102 -104 -690 465 -219 -683 196 60 -114 225 273 136 172 -519 -182 146 -168 -350 -443 -177 322 -427 -339 -258 -14 466 -470 72 3952 -375 -437 219 -253 631 -295 72 181 448 -165 136 417 -157 -521 -760 -190 66 -248 513 -140 -160 -52 367 195 425 -499 38 207 115 45 -67 203 -257 -20 -436 161 -574 -170 -342 342 474 -241 114 -5 -214
-30 55 19 7 83 -22 34 -147 -204 14 51 100 17 -53 106 42 59 59 11 89 -30 -36 -196 -166 17 -172 387 119 -22 206 3 -86 68 113 -23 -23 67 128 284 -305 -335 31 -294 -135 243 350 46 85 281 163 -324 85 28 -127 193 5 261 -85 347 424 -323 -399 -393 -226 -135 -445 -79 -78 545 -252 29 527 704 -349 282 -287 -986 -188 193 192 11 122 318 386 183 -514 422 314 -173 184 -477 -497 263 -655 -299 -396 -659 -112 -158 83 108 -397 -301 -654 -375 3547 237 -601 115 -181 154 135 -128 -251 -256 -11 -252 664 -369 16 32 19 -256 283 -474 -418 -143 237 -514 156 484 35 501 123 122 283 -338 505 251 -391 299 -52 -474 -211 -1003 829 -819 -165 -938 -658
-18 -79 10 -55 36 -132 -110 72 197 -52 163 66 23 33 -75 87 24 -146 -176 31 104 76 -334 12 298 -217 10 -183 75 191 58 156 -2 447 -1 44 657 -142 122 143 -27 -103 -202 -725 89 321 92 -191 -328 -283 563 33 266 432 148 -185 375 -45 142 -282 193 389 383 -210 -32 -796 329 -481 -274 -261 71 104 33 418 -298 -46 -115 559 -149 299 112 -451 209 -160 -162 86 -222 209 45 258 -157 29 -141 23 -713 -339 215 434 -211 363 778 -246 -289 -423 -437 237 4018 -227 267 -422 -137 -241 -690 237 517 -148 -27 -83 34 -78 -458 220 138 -412 316 -77 87 40 -934 -308 -291 -136 -6 -149 454 733 112 -133 41 35 715 120 -825 -265 -617 0 484 346 238 381
48 -40 -62 28 -38 9 -84 248 -45 -108 -126 24 -60 -110 -134 11 14 -125 55 47 -242 -12 -16 -216 -267 168 -39 -370 -351 -327 19 -216 48 13 -90 -57 -100 -159 -47 -157 -275 -285 228 284 -345 376 -190 7 51 -307 -53 46 126 72 -66 441 20 12 107 -399 -377 259 84 64 85 562 -188 126 339 -382 171 20 -376 -242 -85 -672 639 687 557 -89 -384 157 -642 -59 891 218 489 -434 -196 628 -366 84 56 -321 685 -180 848 -132 214 -148 -204 370 325 528 219 -601 -227 4308 -450 -609 -9 -380 -392 106 -533 150 414 -160 743 -444 -124 -7 -38 -564 -274 -94 -220 541 100 -9 291 82 981 27 175 -125 -221 -347 45 107 -414 349 548 171 836 193 211 293 941 -47
-12 -66 -4 15 -38 47 27 51 185 108 83 158 71 -29 31 18 23 190 42 81 357 310 24 69 101 61 -154 233 302 -206 513 -282 197 187 195 299 36 -58 268 100 -185 -327 -110 -231 -92 45 171 -78 -101 -17 -111 -21 -348 -383 160 354 116 75 -220 120 57 -277 -44 -51 181 26 -49 -48 153 42 -786 -290 -79 -234 57 59 72 569 402 -459 424 -37 -6 -661 777 487 -218 275 -289 -333 -348 -390 560 -276 18 296 168 -118 -379 -123 221 -441 520 -9 -253 115 267 -450 3511 184 -39 45 -63 -159 425 171 316 0 -35 5 43 -176 -59 177 -243 354 103 158 48 54 -64 250 -296 294 -131 -79 418 231 453 -509 205 105 -142 -20 193 -1061 -578 127 -285 473
-12 -2 71 -55 -97 -11 -169 81 -34 12 186 -93 98 116 149 116 -8 132 110 -77 -141 24 -119 193 127 -256 47 675 -103 214 118 -266 -172 -70 141 142 -347 57 14 115 -50 -87 95 119 267 -586 353 304 -253 -609 -259 -486 292 -315 -171 -203 635 453 91 -119 -161 -100 -555 -15 -225 -117 314 -241 393 183 269 67 -256 -140 311 273 -65 -227 -561 445 514 114 141 -207 36 -240 22 -303 -744 -350 -202 393 -185 -263 101 163 451 -642 806 -166 371 315 -678 67 631 -181 -422 -609 184 4058 460 -75 -12 131 -108 240 -64 -128 213 -502 252 145 -247 -50 254 -194 -659 217 917 654 -257 -104 175 8 -52 -285 321 44 1129 253 756 -415 -292 -518 60 -1174 -33 307 353 -450
0 -64 -47 62 43 10 23 175 102 82 16 81 67 48 -35 15 243 -185 128 2 -259 9 -10 128 -39 81 -145 95 -18 -23 -103 -96 -37 409 -296 146 -317 29 -314 -181 -547 -268 -99 306 -40 221 -78 54 -111 267 230 118 -260 -398 400 23 116 200 255 22 -840 -523 -55 327 341 276 134 -514 342 -353 -315 247 270 156 65 -312 -325 -120 -430 -125 154 365 -406 28 883 286 468 -151 415 209 -280 164 -249 -611 228 266 129 431 865 778 355 298 -646 2 -295 154 -137 -9 -39 460 3659 446 183 -235 86 685 188 571 -279 -150 282 28 404 328 258 142 829 436 307 -148 -256 -224 -491 196 -30 -288 377 35 188 252 294 254 -272 -478 -684 -579 263 -567 -738 390
36 70 -40 1 -22 70 100 -167 -139 -29 -206 200 -79 -37 269 19 171 66 102 184 391 277 157 -320 215 72 7 46 -244 -51 -120 179 -103 -143 39 -36 75 -184 178 -435 -3 447 -256 -325 -215 -265 284 93 -44 -86 117 -182 -257 -269 133 27 302 1 -53 321 99 -50 55 -73 -10 -111 101 -193 672 84 3 87 -139 215 -593 49 -70 -709 126 462 -84 28 32 118 41 -641 -138 820 819 -133 165 162 18 -130 -303 492 171 826 147 91 83 -4 -198 -53 72 135 -241 -380 45 -75 446 4316 655 45 -793 -614 -886 245 -28 330 441 -559 -826 698 -714 -42 178 46 391 477 355 -117 821 624 -560 -179 171 71 -509 -352 -449 -114 247 -227 258 -321 422 -98 -858 757
-18 -31 -2 -13 16 6 40 -1 102 14 168 122 19 188 288 -1 278 200 -10 58 176 139 51 -97 292 -160 -60 307 -121 -77 75 160 -43 55 75 413 85 -61 -338 -311 24 -12 278 114 -63 -260 335 -442 117 42 337 211 -237 126 63 -184 -206 -250 363 160 -50 23 -120 -395 5 207 412 155 202 -199 127 -273 469 -179 -428 -177 -418 -753 -408 -424 -167 -443 -207 459 -343 -108 299 359 467 -129 126 750 -337 619 0 168 -194 1000 -584 -393 444 -244 -237 -584 181 -128 -690 -392 -63 -12 183 655 4386 -1144 -284 -412 0 65 -546 17 -468 290 624 -170 -290 -517 103 281 1068 -123 -52 -284 -247 -211 301 333 -66 -639 -168 -463 -941 394 285 14 -6 -198 478 -192 -808 210
-60 30 128 -50 -24 -41 -74 44 23 1 124 100 120 89 -201 88 -36 -80 85 22 -63 -50 -173 150 461 290 1 171 96 -75 140 89 -174 -385 56 -138 -291 -225 164 66 41 -241 48 -50 24 264 -212 -283 -49 -137 -33 -186 -123 28 40 197 102 -74 137 -212 316 -277 210 -173 -410 -348 494 -110 -309 -288 60 156 84 89 -389 104 -212 424 -192 594 556 119 351 -221 80 -206 -504 -30 331 -558 -208 -154 271 -107 -695 183 -45 -237 329 -266 483 681 -617 367 448 -251 237 106 -159 131 -235 45 -1144 4005 -99 113 -243 -938 52 475 275 -35 -27 -303 47 -285 -436 -172 -639 -55 -20 258 654 744 -109 -283 -381 552 433 591 868 -783 47 -551 648 -192 -71 58 -155 388
6 13 28 -14 -48 -3 -56 13 81 -18 -53 -11 22 -10 -252 37 -10 -182 78 -78 279 33 -38 275 8 -27 54 -152 400 287 -170 -52 283 283 -14 -185 390 97 156 104 -99 -160 -515 -284 70 305 106 -211 -72 -254 -58 -152 -466 221 112 21 132 -194 -148 317 -98 534 -51 97 -597 -298 -319 35 -126 78 -389 -45 -44 255 -50 -146 264 511 54 107 -298 -250 551 80 317 580 -139 -52 21 -299 53 163 -149 87 371 699 21 -552 175 116 79 -272 175 -6 -165 -256 517 -533 425 -108 86 -793 -284 -99 3895 163 964 -675 430 -215 302 196 -441 503 316 -141 853 -30 -336 -572 -6 532 -53 586 -192 674 -739 24 338 331 639 700 -888 43 -547 -178 498 -197 -198 -111
-24 -60 -54 125 101 57 129 173 -2 50 -55 262 75 -25 -11 52 56 46 45 164 -327 -29 271 -11 -54 421 32 -206 -224 -597 182 -17 -77 -56 -56 101 -370 -179 66 -321 -88 -101 242 257 -429 232 -66 127 74 10 -338 171 -100 379 465 -199 -16 -508 -43 148 -124 443 -169 -488 419 -187 93 -235 236 -229 238 -46 57 165 159 -111 422 473 54 -756 270 38 -606 -835 -123 472 61 376 -236 500 -69 -128 -194 314 566 148 423 -7 235 85 403 794 -369 -371 136 -11 -148 150 171 240 685 -614 -412 113 163 4553 -876 9 -131 -459 272 389 -313 -595 217 -81 -38 -392 700 -1061 479 458 -879 68 1016 -236 655 822 285 -185 223 -540 -486 -215 22 -106 -338 23 412 -410
-6 35 100 -50 -166 52 -197 75 26 39 70 -508 -11 181 -193 -106 3 -97 276 -390 -267 -72 -41 341 -196 -191 -178 510 31 464 -377 -29 54 177 -251 126 136 324 -346 -207 -214 -187 -121 306 697 211 62 272 207 -42 189 22 -40 -6 -325 -1 280 953 256 312 -659 -100 23 -377 -364 380 158 502 -125 64 67 -249 320 -266 359 -221 76 384 -489 9 -23 45 587 374 -315 440 148 -1117 135 -460 -464 231 -322 -134 2 -60 -416 -427 -161 76 -23 -893 552 -84 417 -252 -27 414 316 -64 188 -886 0 -243 964 -876 4796 34 -162 -346 397 336 517 456 556 -244 971 390 346 -95 -26 400 384 86 -395 203 83 -854 -237 325 198 782 -265 267 235 82 -74 -90 663 -270
42 35 -98 69 42 57 40 -176 -156 144 -179 -90 -63 -65 183 -25 165 -52 252 -46 54 84 105 226 -323 293 -62 -5 -43 25 -21 117 116 0 103 -97 -425 -18 8 19 -34 581 -172 526 92 -431 301 -70 -97 770 -92 224 70 -418 -292 281 -285 403 -360 -47 -209 -341 -386 367 331 446 -179 -488 394 238 -99 253 54 231 -55 221 -119 -46 -298 27 23 -506 -352 106 422 -84 366 165 -65 370 -408 58 455 -296 20 -433 109 543 -339 398 111 -99 25 288 -157 664 -83 -160 0 -128 571 245 65 -938 -675 9 34 3932 -477 -90 186 -403 419 -240 730 170 -45 220 -243 -72 -1 -374 55 -364 454 187 1098 -63 -727 -529 64 281 7 280 -522 -205 -432 -216 -222 -408
60 -30 -51 -98 8 -179 -181 65 49 -183 145 -123 -71 -42 -3 86 -96 -148 -336 134 -111 -148 -281 -210 -66 28 -110 -132 4 -226 -33 -51 104 259 -218 -165 -114 -284 219 270 -600 -537 271 -123 251 175 121 65 -444 -198 270 -298 -29 -141 -439 -321 869 -401 441 -634 116 -160 190 350 811 182 -243 31 380 28 64 442 -351 268 293 -156 360 21 404 319 -161 -405 138 138 338 -336 -360 -166 130 -358 265 407 -550 202 344 664 1186 -986 336 217 344 18 135 153 -521 -369 34 743 -35 213 -279 -28 -546 52 430 -131 -162 -477 3876 159 -286 285 -601 90 -369 536 -47 -367 -300 -24 65 89 655 -570 135 648 -264 227 46 209 313 902 -154 452 -47 -373 309 371 738 -176
-54 -93 -20 49 119 -21 136 72 40 2 82 393 71 -96 170 114 88 -26 -318 110 252 118 76 -20 294 -402 -323 -165 -29 -135 343 137 -410 -271 193 123 289 46 111 -171 -161 334 -213 -495 -152 -298 -98 -143 -102 232 -284 197 -15 384 -149 -4 -494 -493 -236 73 685 -216 -47 334 81 -116 38 452 -91 -279 586 425 278 -247 -291 -199 -1024 45 -7 23 369 -331 425 320 -114 649 140 -471 103 2 591 -16 302 257 -71 507 -399 -431 41 201 -410 -126 194 -125 -760 16 -78 -444 5 -502 -150 330 17 475 -215 -459 -346 -90 159 4349 -124 -386 198 77 -124 450 466 -255 269 -463 -90 -464 -307 -249 -562 132 -535 80 -247 274 -1093 516 59 465 -88 454 -219 -153 -338 138
30 81 -18 -46 45 -67 -33 -74 -100 -53 -37 -216 -108 232 122 -143 174 27 83 37 -160 -9 31 106 -303 -159 -12 156 -150 172 53 78 171 130 -179 -322 -404 144 302 105 -154 278 71 436 -205 118 177 652 85 39 93 -267 110 -33 144 -583 -28 -6 -218 108 -441 104 -358 -49 328 -28 -250 -296 -310 116 -7 -214 -72 153 194 425 334 41 -252 104 450 657 22 -165 -112 22 -229 -337 227 -319 -307 229 -70 213 580 -84 -517 -318 -231 -51 -382 -156 281 168 -190 32 -458 -124 43 252 282 441 -468 275 302 272 397 186 -286 -124 4425 217 -224 -114 -443 275 140 -79 782 -600 341 297 -641 422 579 -255 359 -32 -117 215 418 476 -265 -711 303 323 320 -228 91 466
6 21 -2 -61 96 -170 -44 -93 -156 -114 99 -29 -2 -160 -32 28 -257 -31 -292 178 -78 -266 -339 -91 -202 -102 256 -22 -17 -45 90 -42 -60 99 179 250 -111 -216 368 -2 -56 -10 10 -240 342 312 -85 378 -347 -80 18 -107 118 -18 205 -140 136 128 22 -313 -83 430 -331 -515 254 211 461 -402 -224 -242 -1 -38 148 137 -369 -323 257 -135 -53 -645 -309 455 334 -633 -214 154 -127 180 -554 -285 -1009 -515 -224 31 -243 -409 59 -270 -154 5 214 92 287 -95 66 19 220 -7 -176 145 28 -559 290 -35 196 389 336 -403 285 -386 217 4288 43 -521 -941 -691 208 291 313 629 234 425 -249 -315 50 393 32 35 -12 404 181 228 -150 279 210 -1040 -428 -505 -20 -91
-36 -70 -58 93 31 152 151 -78 98 120 -183 28 -190 -58 108 -149 128 -75 -138 -114 -58 -109 373 194 3 12 -148 52 -196 -58 135 332 -215 -73 164 349 97 73 -113 -295 484 329 176 293 75 -333 67 -215 -4 481 247 389 333 -36 247 -630 -8 226 187 217 56 236 351 1 -89 -297 267 633 -46 -673 469 -171 16 278 -78 209 -417 -198 120 -511 -629 94 342 137 -464 244 441 -177 335 539 -2 -24 530 135 643 -574 -8 531 -235 -501 282 262 -515 347 -248 -256 138 -38 -59 -247 404 -826 624 -27 -441 -313 517 419 -601 198 -224 43 4205 -694 481 106 162 808 358 -203 -246 -149 -148 -5 796 -554 91 230 -6 617 -577 159 -59 -206 0 373 342 -240 307 -124
-24 28 1 74 -13 155 104 -70 -113 -29 -4 34 -113 -120 -107 -49 118 -60 -92 113 115 -199 185 -153 196 35 -108 200 -307 -37 -32 -117 -132 -408 23 208 -122 -40 -345 -223 38 -31 -208 -182 137 60 -472 37 94 -140 185 -357 -107 -412 139 -110 199 307 299 12 -48 284 -123 224 -212 537 -166 365 586 163 -237 67 -125 -35 -166 554 -386 -324 215 380 32 168 -401 -341 0 42 597 573 -192 -1083 -388 -246 157 -65 -104 185 -116 -453 -198 943 144 -138 238 -212 513 283 -412 -564 177 -50 328 698 -170 -303 503 -595 456 -240 90 77 -114 -521 -694 5307 50 383 131 143 -438 359 860 -137 498 305 -599 120 -550 -504 -525 -390 -125 566 195 -602 -369 231 -259 378 -290 -211
-18 -63 34 7 -108 72 -65 51 207 192 9 50 147 109 157 152 134 -94 239 -204 25 244 39 452 259 -54 -110 250 221 49 -141 -53 -140 148 214 353 -44 259 -217 -63 98 -11 329 -61 130 -350 269 -451 -274 55 -248 -357 -144 315 193 175 -538 -370 -99 -48 -137 282 25 312 -206 -429 190 494 279 -80 -221 162 -278 212 556 17 226 -127 33 -98 689 -584 116 450 -194 248 -345 -637 78 48 -354 656 96 -80 261 -240 -11 376 150 -136 219 637 -72 242 -140 -474 316 -274 -243 254 258 -714 -290 47 316 217 556 730 -369 -124 -443 -941 481 50 4959 745 445 96 -50 -954 -879 159 277 -418 310 731 1402 79 -287 -579 480 -317 -160 -512 331 -333 446 -132 812 -227
48 16 15 -53 -66 -70 -92 188 53 -77 88 -178 97 210 -41 16 72 17 226 222 -108 51 49 178 -27 41 -87 388 133 -120 -18 73 213 -214 -95 38 -172 -28 -36 176 -176 -39 93 397 -146 499 -84 51 -238 -10 19 -14 439 -47 -417 62 273 -425 374 -228 17 -304 505 16 542 -169 -109 155 269 22 -549 407 -289 13 437 22 38 1057 34 -161 549 -400 -500 -4 134 175 426 -181 -15 445 125 36 72 -997 302 72 -401 -579 16 447 -322 65 601 62 -160 -418 -77 -94 354 -194 142 -42 -517 -285 -141 -81 -244 170 536 450 275 -691 106 383 745 4456 -151 -409 -371 75 -173 54 -821 -143 -397 -167 879 74 -21 617 -204 589 -653 181 -57 -303 532 203 342 786
-48 16 33 75 95 0 36 -11 66 12 60 -37 71 125 -356 40 -5 -153 16 -88 107 -158 77 162 10 146 -107 -82 209 205 -349 248 9 179 -72 -153 413 -92 -144 282 -233 305 -423 -451 106 130 -173 -461 552 259 25 86 -665 -167 209 -117 -109 107 177 170 -85 -54 359 273 294 -72 -394 -187 -487 -325 -565 299 -179 44 359 -557 -196 400 -204 350 -152 151 456 -198 200 599 -270 361 -99 -34 -103 510 -134 71 425 663 28 81 74 -98 369 -191 1 -184 -52 -143 87 -220 103 -659 829 178 103 -436 853 -38 971 -45 -47 466 140 208 162 131 445 -151 4752 19 202 -408 -109 -29 -446 397 567 28 -443 -221 -191 -259 -147 -38 -306 770 -220 256 -68 -76 10 463
18 -65 -93 53 -37 117 -16 -9 -41 47 -250 158 -174 -222 269 49 200 -89 34 -75 85 333 289 -145 -149 -255 71 -34 15 -19 -185 -127 -61 -74 168 -73 149 132 -272 -121 156 261 -218 179 -316 -290 242 183 305 -113 -457 67 -57 1 356 -58 -178 516 224 690 -686 318 -328 -271 -413 271 216 396 244 -267 67 -185 95 -591 226 246 27 -49 -956 -96 45 -405 75 659 -4 101 689 418 333 396 -367 249 -397 171 111 -530 256 234 6 -394 -220 101 -495 588 367 237 40 541 158 217 436 46 281 -172 -30 -392 390 220 -367 -255 -79 291 808 143 96 -409 19 4697 -87 170 173 81 338 -28 -53 499 338 28 -168 145 -500 65 -118 -231 62 -53 83 364 -515 -568
42 -13 -37 -83 -93 25 -2 -141 248 12 30 -258 -221 149 112 -344 220 67 13 -22 86 76 -208 222 -240 -280 -475 168 -350 231 342 -215 -149 -44 269 556 281 44 295 -58 262 -48 391 142 -28 -209 249 141 -350 -16 -2 424 425 214 -318 -425 171 291 -17 286 -227 183 -229 -151 -98 334 293 286 -226 177 245 170 -47 -451 -119 352 -320 -632 -367 -248 -646 -152 -498 -146 -429 346 363 -469 -285 434 852 -49 -128 516 324 132 770 106 -172 -162 -48 -779 -62 780 195 -514 -934 100 48 917 307 391 1068 -639 -336 700 346 -243 -300 269 782 313 358 -438 -50 -371 202 -87 5025 -257 201 -565 -586 -228 383 -20 224 107 -390 354 -1081 -467 496 -266 1439 -287 -96 52 -87 -314
12 -38 -82 78 -3 108 -39 -42 111 168 16 -90 -106 4 -2 -46 271 -35 269 -75 -268 106 -46 -196 -66 33 150 167 -134 145 -69 -239 39 -10 98 -122 -169 -3 -68 228 -4 257 -273 180 166 -148 355 -181 266 124 -146 -553 128 -851 -351 124 -45 426 298 241 -257 -7 -434 -180 63 324 272 -350 164 -197 -742 248 -303 78 -215 86 -105 -49 -326 889 -300 56 -657 138 -381 159 329 20 -233 -52 20 284 -123 -251 -436 -655 53 52 -180 52 -64 -477 -29 -139 425 156 -308 -9 54 654 -148 477 -123 -55 -572 -1061 -95 -72 -24 -463 -600 629 -203 359 -954 75 -408 170 -257 4798 -134 -551 33 -101 290 781 -579 -240 -515 599 -513 101 728 212 -95 -658 -453 127 -215 393
42 11 -92 12 21 40 137 -183 -30 16 -320 118 -192 -302 -18 -122 77 -321 -145 50 127 -217 -207 -128 -190 9 96 -432 1 -20 -221 -115 -149 -264 -152 20 88 158 315 -239 52 -160 -116 -299 79 647 -172 245 87 -74 -22 164 -292 -77 -73 -291 187 -96 49 420 -120 261 100 -363 -232 275 -48 343 193 197 -439 -5 237 -527 -306 395 157 -221 -241 -128 -474 -139 -174 261 -303 -78 234 188 -464 -313 -456 -729 408 597 23 -654 -124 -2 -50 -153 -312 -860 215 -227 -499 484 -291 291 -64 -257 -256 355 -52 -20 -6 479 -26 -1 65 -90 341 234 -246 860 -879 -173 -109 173 201 -134 4976 -175 74 252 -635 -502 7 165 -525 232 -148 4 16 -355 278 524 -567 -25 -972 -84
24 4 26 -28 -46 -55 -35 148 -132 -79 -146 44 145 -38 132 177 -180 -10 3 106 164 220 168 83 -43 -77 30 -67 333 -357 -163 208 132 -367 52 -94 -357 25 -67 -83 -14 142 7 352 196 -61 -16 332 -152 -105 -222 335 147 101 -413 345 69 314 -546 -230 521 7 -93 -436 364 -214 -138 121 -200 -26 333 -612 606 82 -120 132 280 454 -346 -542 563 212 -44 289 87 -30 5 68 -138 -195 -86 -86 501 251 140 668 339 -70 469 169 107 619 912 -128 38 35 -136 82 250 -104 -224 -117 -284 258 532 458 400 -374 89 -464 297 425 -149 -137 159 54 -29 81 -565 -551 -175 4733 222 367 -41 -103 -451 494 428 -82 906 -287 -416 143 -644 -245 188 -129 42 -157
-36 -30 58 40 -104 127 -6 115 -86 1 -184 82 -1 -222 -124 55 -233 -106 -83 -172 17 -19 51 -95 54 37 -297 215 -129 -136 38 -7 -278 -289 -32 142 -151 77 190 -161 147 376 -331 -68 208 -479 354 -117 289 43 -289 -679 -77 -215 153 259 155 289 254 -37 138 -416 151 -311 -151 -274 -213 9 688 -229 -47 123 198 337 -20 -210 -147 434 -120 222 54 -54 635 340 454 -423 -206 1036 92 211 -668 -347 205 102 -178 -455 -42 339 141 -211 -181 226 -235 -608 207 501 -6 981 -296 175 -491 821 -247 654 -53 -879 384 55 655 -307 -641 -249 -148 498 277 -821 -446 338 -586 33 74 222 4734 871 -10 -721 263 -190 164 -20 458 428 72 79 955 6 102 246 383 -471
-48 8 7 138 32 182 240 -58 48 110 -195 171 33 -7 -184 -77 33 -115 117 -206 -121 -99 225 101 34 372 -152 -157 -104 76 -217 70 -322 -211 -358 168 -15 188 171 -233 341 113 -143 453 -348 16 -150 177 373 115 -220 58 147 -164 310 139 2 -182 -256 214 212 -141 235 -96 -332 -263 -148 -32 -97 -298 -600 -538 248 499 68 224 -104 522 -204 353 -489 198 356 -271 510 -396 247 539 66 414 53 -278 -125 -321 -3 620 -381 341 -60 -184 47 -62 -84 -393 115 123 -149 27 294 8 196 624 -211 744 586 68 86 -364 -570 -249 422 -315 -5 305 -418 -143 397 -28 -228 -101 252 367 871 4210 -145 -578 -467 446 -279 53 596 -125 159 -434 544 928 -398 706 -891 301
-30 -105 -39 25 101 -71 -53 140 230 60 194 -55 5 214 79 -6 163 -14 -17 -33 -494 97 128 -28 -169 60 -153 115 -205 -167 125 353 -41 395 -11 -129 -222 -398 -190 2 54 193 192 229 -40 62 426 60 -58 223 46 -263 -9 -151 -90 -392 161 31 176 -56 -172 -10 -81 188 309 -331 -176 -165 363 -66 -88 115 -102 19 918 457 44 293 351 250 -40 -44 -264 -184 -453 153 14 14 150 225 556 896 238 395 386 -356 819 173 -697 -284 319 63 -321 251 45 122 454 175 -131 -52 -30 -560 301 -109 -192 1016 -395 454 135 -562 579 50 796 -599 310 -397 567 -53 383 290 -635 -41 -10 -145 4797 -197 -35 -163 -84 -74 -522 -622 -835 225 -243 -20 15 92 439 662
36 -18 -53 16 38 -52 56 -9 67 87 31 81 142 -8 45 81 85 -20 121 167 224 -49 -280 214 49 -49 241 -261 236 116 -108 -61 201 24 -41 -6 261 56 -173 -29 -218 -451 -61 -248 111 232 -318 12 -368 16 174 330 126 158 -54 220 -66 -647 -370 252 -8 164 159 -216 109 -406 369 520 62 -152 -165 53 309 679 -373 -157 12 -372 -163 184 243 -671 31 301 217 165 89 -564 254 -170 -59 -229 -276 -19 95 -191 325 -43 -184 346 -83 -572 300 -184 -67 283 733 -125 -79 -285 -288 -179 333 -283 674 -236 203 187 648 132 -255 393 -554 120 731 -167 28 499 -20 781 -502 -103 -721 -578 -197 5111 704 -426 -213 -577 408 484 29 -304 -14 -217 167 -169 599 -206
12 -62 -27 37 -32 43 104 140 37 116 -171 160 99 -134 59 -29 -81 101 132 149 100 -20 -93 86 -148 107 -13 421 221 -294 402 51 273 -123 -21 124 -288 56 -111 -149 77 33 -306 307 -60 30 56 557 -539 197 273 -167 105 -297 619 303 91 -96 -357 235 -222 -547 437 -105 167 -142 142 -54 407 327 -280 -68 -229 347 -262 220 89 111 -590 -402 302 -189 -115 391 156 175 -218 109 -85 6 -395 -288 345 -148 680 -874 -121 6 174 -33 366 -357 -100 -52 203 -338 112 -221 418 321 377 171 -66 -381 -739 655 83 1098 -264 -535 359 32 91 -550 1402 879 -443 338 224 -579 7 -451 263 -467 -35 704 5549 -231 -436 -814 -199 168 127 -543 1127 -885 -185 -64 323 16
-60 6 43 63 138 -58 71 55 -76 -24 -59 214 147 86 -141 97 -61 -53 57 78 -27 -78 15 296 -114 157 47 -211 3 -266 153 -19 -104 -151 -169 96 -103 231 399 200 130 153 125 259 -247 7 -59 -56 327 195 -461 85 525 503 24 -375 16 -506 -328 -580 360 397 65 -575 191 -310 -36 150 -42 -522 -183 158 214 455 100 69 2 -275 -175 147 -167 -136 -29 -165 224 7 -48 -314 336 549 -141 -192 444 88 345 -224 99 320 150 257 403 -73 -269 -225 -257 505 -133 -347 231 44 35 71 -639 552 24 822 -854 -63 227 80 -32 35 230 -504 79 74 -221 28 107 -240 165 494 -190 446 -163 -426 -231 5590 -211 653 184 164 -139 -340 -301 532 -430 36 5 -77
-48 -112 37 15 49 -100 -144 387 -42 -54 276 228 247 36 165 328 -31 60 -97 -110 -288 202 9 -254 -23 -438 -69 318 -222 -93 160 156 -78 299 -204 -292 -125 -24 -280 -64 -105 -27 -374 -71 -77 -181 516 35 -123 -624 -117 -525 142 237 234 72 67 -264 534 73 -108 -482 -46 19 129 -604 -176 115 -63 38 -217 132 232 -105 449 -80 -160 386 541 -81 802 362 228 -19 354 -511 -216 440 -419 -119 136 298 -107 -316 -220 -15 394 -476 529 -370 42 646 -719 -945 -20 251 41 45 453 1129 188 -509 -168 433 338 285 -237 -727 46 -247 -117 -12 -6 -525 -287 -21 -191 -168 -390 -515 -525 428 164 -279 -84 -213 -436 -211 5789 235 1141 -111 -1328 167 -125 -1001 -15 -225 -38 -4
-30 -81 18 4 -31 32 42 54 299 65 15 -31 6 97 -71 -144 53 -38 142 -109 -357 141 27 74 -249 -15 -21 -82 -42 44 -36 -136 -176 15 147 257 3 -117 134 56 509 141 414 235 83 -122 210 40 165 213 -452 80 449 -156 89 -448 -512 189 108 357 61 -153 -444 353 -134 -61 256 496 -139 535 299 354 22 138 330 -177 -147 474 -50 -13 -187 114 390 236 237 -93 67 104 -34 836 -274 72 -209 -211 437 209 30 -549 933 706 -133 -486 130 158 -436 -391 35 107 -509 253 252 -352 -463 591 331 -185 325 -529 209 274 215 404 617 -390 -579 617 -259 145 354 599 232 -82 -20 53 -74 -577 -814 653 235 4864 -476 182 -455 753 44 527 94 -273 -383 265
-36 50 115 -28 -72 14 -61 -4 -77 66 73 -51 182 111 38 135 -164 76 125 -115 -93 34 -89 142 194 5 88 460 -49 239 -16 94 -89 113 -42 137 -57 90 132 -176 8 -199 27 -8 246 251 -244 211 -195 -275 14 -339 132 164 138 381 138 -63 -291 -425 -55 -123 417 -68 -4 -444 147 -125 56 -117 -411 -39 -151 93 252 -77 257 155 94 584 498 734 645 -15 166 -338 -323 -8 -492 -566 -443 146 -325 -500 -135 -92 -123 -337 198 183 -115 448 -20 -46 161 299 715 -414 205 756 294 -449 -941 868 639 223 198 64 313 -1093 418 181 -577 -125 480 -204 -147 -500 -1081 -513 -148 906 458 596 -522 408 -199 184 1141 -476 5064 -110 -518 -44 -693 -492 213 -47 265 -188
30 -55 -124 107 61 75 68 105 -29 44 -114 -21 -114 -79 31 -73 109 88 -29 -46 -89 -318 103 -44 -236 -152 139 -65 49 -57 57 -99 308 0 -93 -260 -105 499 46 199 15 118 -231 282 118 164 16 161 -17 141 248 -233 225 -360 -504 -255 -27 -332 14 23 40 136 196 408 1 135 -621 1054 254 368 -41 -170 -464 622 171 -160 -264 178 79 -155 -246 -332 454 754 522 505 319 -111 165 -103 -121 81 227 -6 360 153 -189 -294 -345 373 -221 -459 509 -88 -574 -52 120 349 105 -415 254 -114 394 -783 700 -540 782 281 902 516 476 228 159 566 -317 589 -38 65 -467 101 4 -287 428 -125 -622 484 168 164 -111 182 -110 4862 -78 272 71 -139 -210 178 637 33
36 78 -21 -30 -19 28 103 -282 34 68 -9 -187 -102 0 -93 -269 -30 72 45 -72 102 -283 -359 -51 29 84 -20 -86 -37 164 278 -410 -189 -223 46 292 93 201 -59 273 135 -141 451 -127 -241 -404 -293 -29 66 128 263 142 434 -341 -123 -154 -154 184 -56 -181 -287 -265 -221 286 -121 854 -33 -129 -468 -377 -117 -46 211 56 -732 68 47 -241 304 -89 -555 221 -243 -372 203 -206 -462 -2 -194 -135 96 -29 86 -125 -77 -26 384 616 -255 -286 -324 -170 -34 477 -170 -474 -825 548 -142 -292 -272 247 285 47 -888 -486 -265 7 -154 59 -265 -150 -59 195 -160 -653 -306 -118 496 728 16 -416 72 159 -835 29 127 -139 -1328 -455 -518 -78 5460 576 270 88 215 964 130 -356
-6 -13 -63 24 96 -10 21 -173 26 4 122 -123 -149 -7 64 -109 9 83 -209 -148 -95 3 48 -260 -349 189 -328 -8 -232 83 241 257 43 196 194 -132 -243 -252 204 210 49 206 10 189 236 -200 434 -118 185 612 -236 10 -51 -341 -466 151 -430 -85 127 -223 449 -304 -252 153 559 -168 -510 -289 112 329 256 470 -136 230 257 -567 -77 1013 -209 391 -373 -316 487 458 -286 -103 120 433 -286 244 526 718 -522 394 -340 611 -171 -136 4 -91 -510 196 9 -226 -342 -211 -265 171 -20 -518 -478 -227 14 -551 43 -215 267 280 452 465 -711 279 -206 -602 -512 181 770 -231 -266 212 -355 143 79 -434 225 -304 -543 -340 167 753 -44 272 576 4775 -432 -252 -879 360 413 -111
-18 -55 -17 68 -66 161 109 -36 105 97 -194 103 -89 -175 -116 -98 69 -216 33 -122 132 -148 -55 169 167 83 -400 30 -268 -20 -86 -117 -673 -623 171 483 -95 -15 129 -116 459 389 88 5 -55 -211 -53 -343 -63 -214 -435 -190 -7 -368 147 -182 -123 -511 -60 68 27 26 102 -26 -54 297 255 423 18 -44 -441 -333 -378 -454 141 518 23 -213 -341 24 -543 -260 223 171 384 370 728 154 -190 -197 -14 -179 284 289 -71 107 -100 478 -387 -254 -31 -220 -60 278 342 -1003 -617 836 193 60 -684 258 -6 648 -547 22 235 -522 -47 -88 303 210 0 -369 331 -57 -220 62 1439 -95 278 -644 955 544 -243 -14 1127 -301 -125 44 -693 71 270 -432 5425 -250 -415 212 1318 -354
-54 -77 -24 53 129 -26 106 6 -64 -44 -120 173 -76 -257 -39 -31 -53 -220 -235 -131 -114 34 163 -102 -43 -253 60 -526 122 86 -192 195 -327 -138 -228 -11 312 229 -21 -99 52 464 -74 182 225 174 -160 210 370 726 -81 562 250 206 15 -520 -50 -154 67 305 283 42 -145 -215 94 -60 -350 533 -152 -239 97 -125 401 -104 307 387 -428 -288 130 79 -682 -224 63 412 -372 -426 193 -284 89 173 650 -34 -363 187 445 32 -803 -82 -27 -180 252 286 -339 -602 474 829 0 193 -1061 -1174 -579 -321 -198 -192 -178 -106 82 -205 -373 454 323 -1040 373 231 -333 -303 256 -53 -287 -658 524 -245 6 928 -20 -217 -885 532 -1001 527 -492 -139 88 -252 -250 5567 -503 343 -390 -474
48 16 15 -71 -148 25 -86 96 88 -129 -71 -140 -96 94 -25 -30 46 -61 8 69 197 184 285 47 208 -199 -221 -26 10 83 28 -150 39 -145 -10 -33 137 200 25 330 112 -61 210 47 -88 -321 19 -208 -442 -356 313 -209 361 180 120 -325 112 -19 325 -266 -500 313 72 120 -293 -5 490 617 -455 -317 49 -131 231 191 70 -199 493 171 55 -484 194 -224 -484 -250 -263 -657 171 -77 442 -398 -148 265 -786 -744 239 360 149 669 76 106 -167 -295 65 105 -241 -819 484 211 -578 -33 263 422 478 -71 498 -338 -74 -432 309 -219 320 -428 342 -259 446 532 -68 83 -96 -453 -567 188 102 -398 15 167 -185 -430 -15 94 213 -210 215 -879 -415 -503 5459 157 -225 -250
42 -13 -23 -93 -91 -38 -204 58 -48 -14 -11 -281 -175 63 270 -115 125 133 91 -34 -159 288 -94 -31 60 -244 -128 201 -206 152 -25 57 -104 101 279 -319 -29 -355 -201 160 201 414 14 388 -463 -498 42 336 199 -53 22 58 108 -150 -21 -217 258 175 382 573 -83 320 -117 -2 270 -55 226 489 -80 278 -65 -69 112 144 77 500 -140 656 -26 132 -272 -417 -287 131 -45 -993 548 385 119 81 180 -4 -585 -508 -98 212 120 157 -679 -470 -599 398 35 238 114 -165 346 293 127 307 -567 -98 -192 58 -197 23 -90 -216 371 -153 -228 -505 -240 378 -132 203 -76 364 52 127 -25 -129 246 706 92 -169 -64 36 -225 -273 -47 178 964 360 212 343 157 5269 303 -526
6 -59 25 -11 -134 46 -135 210 -127 -23 -168 -119 -48 -254 -73 35 -149 -217 -30 -136 -41 -140 -77 336 -78 -344 -106 33 -257 323 38 -37 -243 -300 130 2 -168 174 -13 -47 34 247 -54 267 308 -161 -429 -1 -81 -89 -150 -212 190 241 -39 -288 266 -262 -75 -506 257 18 367 -78 407 163 -349 317 134 27 223 -332 -600 324 396 402 598 515 204 207 -6 91 157 307 409 392 100 -759 -434 478 243 489 204 418 323 -14 -16 -3 171 -607 225 570 -334 263 -5 -938 238 941 -285 353 -738 -858 -808 -155 -198 412 663 -222 738 -338 91 -20 307 -290 812 342 10 -515 -87 -215 -972 42 383 -891 439 599 323 5 -38 -383 265 637 130 413 1318 -390 -225 303 5789 -89
24 -4 14 -107 29 -190 -129 70 167 -82 311 -163 81 313 71 26 71 39 -99 36 -121 -22 -245 -53 -1 -90 -85 248 39 77 153 197 161 439 -85 -75 -149 -269 -202 220 -220 -501 130 82 -33 160 127 -256 -11 -36 583 -181 -281 -59 -57 98 591 -21 115 -203 123 -124 707 -98 59 -146 -273 -857 131 525 -287 -261 -181 450 -685 -97 349 36 25 107 318 -212 -101 -192 356 149 -108 -458 477 60 615 338 189 113 -423 141 -156 16 57 -232 -7 -189 -7 100 -214 -658 381 -47 473 -450 390 757 210 388 -111 -410 -270 -408 -176 138 466 -91 -124 -211 -227 786 463 -568 -314 393 -84 -157 -471 301 662 -206 16 -77 -4 265 -188 33 -356 -111 -354 -474 -250 -526 -89 5457
