8 12243
16 11910
24 12582
32 12593
40 14193
48 14304
56 16913
64 17558
72 19995
80 22557
88 25795
96 28883
104 33921
112 38715
120 43699
128 47392
136 57711
144 63000
152 69722
160 76974
168 88774
176 98175
184 104732
192 119105
200 128144
208 149326
216 162882
224 177652
232 201719
240 220208
248 231822
256 271339
264 284921
272 313162
280 343134
288 375077
296 406470
304 417817
312 480099
320 513390
328 549569
336 596457
344 644888
352 667843
360 714293
368 782947
376 799031
384 876140
392 930981
400 994217
408 1036121
416 1090410
424 1147335
432 1213720
440 1242979
448 1320552
456 1399221
464 1454353
472 1550826
480 1624000
488 1687968
496 1759793
504 1858054
512 2028063
