8 38
16 67
24 266
32 328
40 465
48 1148
56 2313
64 79698
72 46114
80 64316
88 85297
96 130911
104 141091
112 178207
120 217122
128 2141245
136 309100
144 351438
152 393250
160 4239187
168 514830
176 555198
184 302561
192 7121670
200 419500
208 1560948
216 437908
224 11312574
232 107370
240 4093085
248 222521
256 173560
264 271147
272 15506892
280 558103
288 22475060
296 378615
304 26795754
312 447652
320 29122302
328 441765
336 52187014
344 35105628
352 59827874
360 697730
368 70450177
376 57242465
384 61725
392 61673895
400 60273131
408 87030793
416 95109442
424 98840256
432 121734475
440 123483789
448 18746530
456 141393842
464 153728066
472 164200563
480 160719468
488 197665959
496 192171188
504 208843525
512 258453
