8 30
16 101
24 229
32 375
40 456
48 1292
56 2328
64 75519
72 46041
80 64892
88 84610
96 144469
104 141463
112 179444
120 217145
128 2121569
136 307540
144 410018
152 366927
160 4187478
168 441548
176 456992
184 362491
192 6946145
200 433609
208 2234423
216 523622
224 11293670
232 784511
240 5486079
248 369764
256 32400
264 1020130
272 16313028
280 1001702
288 22376273
296 397991
304 26751472
312 646656
320 26467709
328 957497
336 35959602
344 497200
352 39912918
360 1102065
368 68923523
376 1498200
384 1309061
392 1841770
400 94573035
408 70114811
416 104921330
424 100165582
432 122406376
440 121464164
448 20249570
456 138460698
464 144385362
472 160946390
480 156321514
488 193648625
496 193694793
504 212879800
512 276705
