8 30
16 123
24 213
32 336
40 610
48 887
56 4090
64 8408
72 45875
80 64157
88 85445
96 111390
104 141321
112 173096
120 217348
128 244063
136 299152
144 375050
152 414514
160 503049
168 532609
176 626880
184 675186
192 748602
200 876900
208 953249
216 1052446
224 1176558
232 1277930
240 1396652
248 1618786
256 1795315
264 1936699
272 2130566
280 2300306
288 2577330
296 2736033
304 3033839
312 3276220
320 3718182
328 3939512
336 4285687
344 4855017
352 5049498
360 5465285
368 5874269
376 6280959
384 6702274
392 7132606
400 7653484
408 8336717
416 8891900
424 9339464
432 9918422
440 10300124
448 11029997
456 11848504
464 12783260
472 13345208
480 14277841
488 14757310
496 15815479
504 16867742
512 50468075
