8 13406
16 13414
24 13687
32 13687
40 13514
48 13632
56 13767
64 13250
72 13527
80 13643
88 13272
96 13641
104 13963
112 13660
120 13827
128 13864
136 13899
144 13500
152 14261
160 13863
168 13595
176 13892
184 13689
192 13842
200 13676
208 14021
216 13427
224 13686
232 13781
240 14018
248 14061
256 14095
264 14211
272 13611
280 13753
288 13839
296 13810
304 13708
312 14317
320 13671
328 14019
336 13976
344 14068
352 13945
360 13962
368 14357
376 14020
384 14024
392 13924
400 13983
408 14102
416 14096
424 13856
432 14195
440 14171
448 13912
456 14022
464 14192
472 13944
480 14082
488 14054
496 14125
504 14233
512 13831
