8 1054
16 8351
24 28067
32 66590
40 129213
48 223145
56 360445
64 590934
72 789430
80 1083685
88 1439405
96 1893857
104 2378120
112 3020414
120 3674881
128 5869800
136 5350012
144 6409921
152 7466918
160 11776119
168 10265753
176 12148696
184 14724381
192 22093031
200 20276121
208 24333480
216 26869645
224 39216277
232 35433317
240 42217706
248 43796080
256 73644334
264 53581323
272 70618195
280 66016695
288 88206898
296 75125702
304 103409264
312 75358434
320 130777131
328 103886267
336 114951304
344 122762228
352 165241896
360 126238745
368 193471703
376 165288657
384 219869505
392 170263686
400 194003108
408 211037149
416 221672477
424 218942257
432 244526005
440 247137344
448 326026485
456 278098978
464 301138129
472 311802819
480 338215776
488 346688262
496 368780388
504 385502676
512 509516574
