8 1084
16 8289
24 27818
32 65841
40 128271
48 221878
56 352904
64 532058
72 756141
80 1038022
88 1378166
96 1788952
104 2275025
112 2847303
120 3487058
128 4287675
136 5075790
144 6053965
152 7119147
160 8297057
168 9610784
176 11038157
184 12838250
192 14402104
200 16470942
208 18250157
216 20468131
224 22910237
232 25583347
240 28286629
248 31053016
256 34248707
264 37394641
272 40896840
280 44857418
288 48480155
296 52658789
304 56963199
312 62221477
320 66269016
328 71439251
336 76796298
344 83262921
352 88520751
360 95303705
368 101535648
376 107677069
384 114408882
392 121954151
400 129385819
408 138197553
416 145045288
424 154221499
432 162494017
440 172711441
448 182453895
456 191896116
464 203012466
472 213614651
480 223584062
488 234946265
496 245945270
504 258626413
512 271316280
