8 1109
16 8826
24 29555
32 69865
40 138310
48 236154
56 374945
64 568803
72 807329
80 1104745
88 1474683
96 1923197
104 2441339
112 3052571
120 3748420
128 4541100
136 5425950
144 6440284
152 7618798
160 8899035
168 10194065
176 11902498
184 13700294
192 15384896
200 17650349
208 19674588
216 21976964
224 25024851
232 27618778
240 29934661
248 33030234
256 37065177
264 39840491
272 45281863
280 48125216
288 51888990
296 55829387
304 61149822
312 67005286
320 70888319
328 75956664
336 81611254
344 88563033
352 94490789
360 101394588
368 110486408
376 116217473
384 122536397
392 131581242
400 138429647
408 146684719
416 156748888
424 165304377
432 174417197
440 184043960
448 195680956
456 206577526
464 216414994
472 232111533
480 237075116
488 256537961
496 263778068
504 274697516
512 346622400
