8 1113
16 8799
24 29597
32 69990
40 136447
48 236281
56 376154
64 566740
72 822877
80 1107360
88 1470729
96 1910568
104 2424858
112 3044908
120 3822263
128 4611517
136 5522301
144 6475427
152 7591016
160 8839780
168 10319551
176 11821504
184 13839681
192 15455499
200 17401457
208 19659421
216 21952455
224 24593859
232 27417915
240 30686987
248 34012810
256 36699583
264 40741433
272 44459662
280 48799872
288 52000017
296 56254577
304 60869601
312 66324279
320 71011733
328 76323839
336 81998709
344 89875350
352 94552140
360 102848346
368 109612919
376 115560282
384 122439903
392 130545400
400 137720625
408 149845912
416 155273235
424 166780426
432 173445149
440 186260252
448 193951842
456 204840866
464 215800047
472 227114828
480 241455216
488 251722076
496 266273312
504 278469027
512 373192393
