8 5748
16 8542
24 52910
32 67977
40 193917
48 230283
56 485364
64 560916
72 1035213
80 1154314
88 1799681
96 1981804
104 2858507
112 3191957
120 4347255
128 4721226
136 6287888
144 6665295
152 8557427
160 9201187
168 11535731
176 12002694
184 15679969
192 16074518
200 19777474
208 19969576
216 24638830
224 26282920
232 30910404
240 32495759
248 37523362
256 39703178
264 43877768
272 46038916
280 53198343
288 54342730
296 60036450
304 62297440
312 74706760
320 74174602
328 82663394
336 82992368
344 99963246
352 96263454
360 113518690
368 113286116
376 125484500
384 127863401
392 145521634
400 143281500
408 163657505
416 157570005
424 178637270
432 180209816
440 204531498
448 203592650
456 227137609
464 231624289
472 244970014
480 244416916
488 271750371
496 269713508
504 297391699
512 328311766
