8 26
16 49
24 84
32 123
40 142
48 170
56 296
64 284
72 488
80 627
88 4918
96 1085
104 1314
112 1615
120 2154
128 607831
136 24311
144 18318
152 44641
160 32366
168 247599
176 176132
184 363764
192 202269
200 659195
208 994942
216 1254440
224 775822
232 1559888
240 1696570
248 1778363
256 16002021
264 2314045
272 2382749
280 2761318
288 2976236
296 3339247
304 3413217
312 5499863
320 6028493
328 4437633
336 4516094
344 7703714
352 5274387
360 5867181
368 6225895
376 10581875
384 87464127
392 12131344
400 12551134
408 14036599
416 15091977
424 13404058
432 15019564
440 18217020
448 121476031
456 20506519
464 21434157
472 22886004
480 22616249
488 16747804
496 15042374
504 15574153
512 134807674
