8 24
16 69
24 105
32 86
40 134
48 187
56 317
64 363
72 473
80 462
88 969
96 1037
104 1448
112 1934
120 2384
128 3956
136 9754
144 42511
152 53307
160 19701
168 84824
176 200101
184 493310
192 170410
200 775431
208 928707
216 1240007
224 781385
232 1564882
240 1687089
248 1922154
256 16759279
264 2312916
272 2373987
280 2761885
288 2942122
296 3360292
304 3472299
312 3821901
320 4433119
328 4437801
336 6447729
344 7676680
352 7778155
360 5874827
368 9096102
376 10595218
384 88537186
392 11531873
400 8013333
408 13930502
416 14473922
424 15754210
432 16730087
440 18096745
448 113718135
456 20503527
464 21846821
472 22813213
480 22402456
488 16633915
496 15049915
504 15565839
512 134808281
