8 28
16 35
24 53
32 180
40 128
48 299
56 326
64 482
72 656
80 591
88 1219
96 935
104 1629
112 1828
120 2723
128 16063
136 11775
144 8592
152 78956
160 69174
168 159709
176 299776
184 433622
192 358344
200 772698
208 924371
216 1254972
224 852512
232 1379933
240 1555627
248 1916913
256 16902027
264 2319908
272 2498221
280 2831642
288 3148716
296 3367206
304 3397161
312 3821579
320 7090940
328 4438146
336 4461175
344 5117051
352 5350088
360 5868496
368 9689136
376 6684316
384 56068154
392 7575592
400 12748521
408 12493881
416 15581353
424 15992737
432 16850398
440 18193641
448 130326553
456 20603947
464 20161259
472 23012298
480 28679919
488 16767721
496 15140070
504 15750856
512 134806704
