8 25
16 56
24 132
32 148
40 240
48 329
56 584
64 749
72 1072
80 1032
88 1292
96 2269
104 2681
112 2630
120 3416
128 3686
136 16314
144 55733
152 89881
160 45121
168 133198
176 461794
184 538062
192 344301
200 771597
208 1010579
216 1177731
224 924976
232 1463053
240 1722820
248 1927792
256 16920300
264 2323086
272 2313289
280 2773275
288 2559921
296 3260804
304 3132905
312 3818567
320 3819772
328 4435794
336 4399022
344 5116942
352 5269341
360 5870537
368 6055606
376 6677478
384 53012249
392 7639716
400 7968326
408 8553756
416 9005090
424 10283591
432 13313642
440 17119756
448 12591187
456 20160561
464 18034420
472 18548279
480 13796014
488 22366022
496 25599470
504 28977330
512 134813877
