8 29
16 65
24 86
32 148
40 243
48 360
56 472
64 1499
72 2755
80 1224
88 4666
96 2103
104 4152
112 2279
120 13622
128 3812
136 94053
144 54233
152 65588
160 96907
168 385463
176 226048
184 511523
192 234737
200 850317
208 928089
216 1093066
224 1075916
232 1554825
240 1618317
248 1923775
256 16858208
264 2321981
272 2303707
280 2770828
288 2605677
296 3267867
304 3132897
312 3836293
320 7106196
328 4437237
336 4398693
344 5117439
352 5272095
360 5897435
368 6105270
376 6756662
384 57791022
392 7673219
400 7914304
408 8541474
416 8972265
424 10563399
432 13310098
440 17133918
448 16165800
456 20453383
464 19258188
472 18560016
480 13798642
488 22409410
496 25601296
504 28974101
512 134813020
