8 28
16 33
24 77
32 102
40 51
48 260
56 404
64 372
72 430
80 582
88 972
96 786
104 1123
112 1107
120 1291
128 1461
136 6237
144 9143
152 13068
160 51196
168 95271
176 65756
184 98757
192 128847
200 131255
208 207888
216 216168
224 285986
232 374411
240 334592
248 343051
256 296712
264 384635
272 381599
280 503665
288 422491
296 499649
304 542046
312 495988
320 548916
328 493104
336 488996
344 463140
352 500347
360 438054
368 459460
376 388863
384 400900
392 397115
400 484207
408 413964
416 403746
424 594188
432 353022
440 658079
448 1025513
456 606741
464 484963
472 569076
480 665829
488 854604
496 718162
504 773015
512 630837
