8 26
16 22
24 67
32 130
40 76
48 218
56 266
64 389
72 450
80 743
88 738
96 684
104 1049
112 4875
120 1502
128 19904
136 18370
144 3942
152 27488
160 17605
168 65587
176 61753
184 112227
192 135299
200 128189
208 173091
216 218968
224 237434
232 303391
240 342690
248 313173
256 358928
264 396063
272 409104
280 484915
288 443689
296 528995
304 490685
312 551347
320 427121
328 506553
336 562981
344 497845
352 514253
360 443909
368 442124
376 479603
384 542645
392 527794
400 490081
408 496029
416 503379
424 674820
432 565524
440 674922
448 503451
456 577485
464 525850
472 771887
480 504728
488 925103
496 775666
504 884358
512 1791853
