8 29
16 30
24 42
32 53
40 136
48 206
56 190
64 410
72 458
80 549
88 2347
96 1362
104 1413
112 1261
120 1093
128 1577
136 4137
144 4746
152 23320
160 21272
168 55638
176 81489
184 147629
192 141794
200 188976
208 207069
216 300387
224 313772
232 433183
240 446258
248 492057
256 298853
264 548590
272 458547
280 669535
288 611442
296 654195
304 796124
312 944070
320 777189
328 661552
336 631750
344 882524
352 661192
360 740338
368 627847
376 625631
384 689766
392 695729
400 665164
408 703922
416 611099
424 631515
432 1836782
440 796654
448 735906
456 670336
464 929028
472 770532
480 919238
488 930200
496 703613
504 1145706
512 1239095
