8 62
16 138
24 286
32 503
40 685
48 1500
56 2003
64 79166
72 45908
80 65308
88 86030
96 145263
104 142405
112 182043
120 218219
128 2133969
136 319299
144 425191
152 445369
160 4277312
168 600524
176 830679
184 795104
192 7374742
200 1428052
208 7987396
216 2204512
224 12497565
232 1981458
240 11193109
248 3102854
256 16935829
264 3756002
272 20981381
280 3358866
288 26606474
296 4978921
304 30134634
312 4642334
320 33510150
328 4984032
336 40406983
344 5717427
352 45203852
360 54423377
368 53141258
376 7555138
384 89313100
392 83097699
400 109338714
408 99528973
416 99941594
424 117506878
432 142436586
440 139651668
448 152702614
456 160013463
464 160644414
472 184929252
480 195781673
488 213211528
496 222686337
504 243425549
512 135055386
