8 38738
16 38936
24 40414
32 40660
40 42017
48 44110
56 44561
64 46762
72 48996
80 52245
88 59576
96 61086
104 66010
112 70925
120 77650
128 83452
136 93256
144 103232
152 112811
160 124420
168 135122
176 148385
184 163735
192 179671
200 197228
208 216973
216 238783
224 262859
232 282242
240 307353
248 335242
256 367983
264 406749
272 438429
280 476404
288 513015
296 553383
304 593071
312 637133
320 679680
328 727839
336 776176
344 827365
352 882173
360 939676
368 998945
376 1064879
384 1121212
392 1191541
400 1259098
408 1335221
416 1404738
424 1488994
432 1567739
440 1662845
448 1729430
456 1835874
464 1962335
472 2026161
480 2109132
488 2234519
496 2339967
504 2449596
512 2611443
