8 55
16 165
24 279
32 433
40 586
48 1318
56 3299
64 74839
72 46622
80 67854
88 85838
96 135200
104 143257
112 182187
120 219098
128 2139733
136 321462
144 408978
152 446286
160 4277190
168 600492
176 896672
184 931784
192 7881842
200 1225133
208 5886054
216 3117433
224 12166797
232 2220008
240 7040498
248 2315288
256 16934541
264 3066637
272 18568086
280 3763301
288 25555327
296 4825428
304 30157321
312 4500991
320 33562134
328 5241661
336 40380330
344 42118753
352 67744484
360 53497014
368 78381645
376 66331811
384 88661847
392 83583321
400 107142420
408 78697367
416 104050497
424 116475150
432 119883899
440 136326319
448 150543330
456 159260810
464 173516842
472 183821889
480 184318631
488 210723540
496 208663641
504 227238120
512 135073666
