8 63
16 140
24 290
32 422
40 556
48 1272
56 2399
64 79122
72 46922
80 64571
88 86732
96 138016
104 143421
112 180576
120 220249
128 2148288
136 318149
144 434281
152 442878
160 4271421
168 599182
176 784008
184 790814
192 7254921
200 1031755
208 1424635
216 1567495
224 11664453
232 1664620
240 5382435
248 2169844
256 16953366
264 2525981
272 17454449
280 3089657
288 24812357
296 4298383
304 29956137
312 4302084
320 33473113
328 5053088
336 40429116
344 6162663
352 45491325
360 6793768
368 53570979
376 8479610
384 57385807
392 10405832
400 68925010
408 13960644
416 75195258
424 27525806
432 109345931
440 121153795
448 92644106
456 156933105
464 156117992
472 138569304
480 115833094
488 166567442
496 212848895
504 249208821
512 134881877
