8 61
16 144
24 280
32 431
40 542
48 1223
56 2656
64 12666
72 45738
80 63281
88 84151
96 109843
104 139300
112 174878
120 214547
128 261328
136 312541
144 373303
152 437590
160 512185
168 590946
176 682658
184 778877
192 886660
200 999815
208 1127465
216 1260666
224 1408918
232 1561040
240 1732988
248 1907840
256 2101304
264 2311023
272 2529917
280 2757546
288 2999862
296 3257093
304 3529816
312 3814994
320 4109939
328 4430459
336 4763404
344 5111374
352 5475833
360 5858714
368 6252653
376 6669987
384 7099830
392 7557947
400 8027060
408 8524542
416 9038637
424 9564201
432 10114807
440 10685369
448 11276323
456 11892427
464 12528246
472 13186585
480 13866957
488 14563872
496 15300792
504 16047517
512 16880354
