8 62
16 142
24 271
32 470
40 682
48 1091
56 1988
64 8891
72 46353
80 65036
88 86575
96 112207
104 142260
112 178171
120 218803
128 265665
136 319216
144 379451
152 444368
160 519964
168 602674
176 702367
184 790035
192 894485
200 1012020
208 1144962
216 1276352
224 1424197
232 1585539
240 1756952
248 1941745
256 2160188
264 2342086
272 2568014
280 2813349
288 3041156
296 3283272
304 3572511
312 3846764
320 4175992
328 4479179
336 4878862
344 5365651
352 5592257
360 5931077
368 6340807
376 6815314
384 7271525
392 7709979
400 8184327
408 8907461
416 9451030
424 10016994
432 10504118
440 11020851
448 11695460
456 12415493
464 13325454
472 14093742
480 14857414
488 15673054
496 16663488
504 17708745
512 55371456
