8 31
16 94
24 178
32 347
40 625
48 1035
56 2127
64 81174
72 46150
80 64348
88 85291
96 132403
104 141128
112 180549
120 216960
128 1637195
136 310508
144 406049
152 417204
160 4229684
168 521312
176 396272
184 336831
192 7245844
200 654619
208 6847418
216 819125
224 11760621
232 473539
240 10016824
248 1410987
256 21827
264 1646013
272 18062600
280 643512
288 23286106
296 1812461
304 26794114
312 397551
320 15677015
328 526161
336 35962531
344 588030
352 39864790
360 801870
368 69580047
376 800880
384 64095
392 71060896
400 84808998
408 85182941
416 95549022
424 101011501
432 107254909
440 118055651
448 20700863
456 140190598
464 152215193
472 162777567
480 170076085
488 195990597
496 208492536
504 225945890
512 247584
