8 41
16 87
24 196
32 287
40 478
48 1171
56 2250
64 53237
72 45847
80 64733
88 81854
96 141677
104 142033
112 180436
120 217639
128 1534445
136 295443
144 372905
152 400941
160 4236645
168 355541
176 607007
184 448250
192 7104798
200 538965
208 1717706
216 469900
224 11352806
232 151244
240 4225393
248 389287
256 932908
264 415382
272 15573601
280 445020
288 22449946
296 732691
304 26726883
312 16015356
320 27522327
328 427995
336 35924545
344 34821218
352 39991456
360 1425508
368 46946123
376 57401921
384 60892
392 71859997
400 93605811
408 85829361
416 104524288
424 79150155
432 110496239
440 120333446
448 15590493
456 141061741
464 152616627
472 163716383
480 161061337
488 197154051
496 192677542
504 209000709
512 259274
