8 32
16 62
24 191
32 246
40 370
48 942
56 2790
64 76209
72 44734
80 63432
88 84861
96 127853
104 141197
112 178518
120 210961
128 2129949
136 307061
144 398202
152 372040
160 4196405
168 393799
176 463728
184 304650
192 6989421
200 250938
208 534564
216 347309
224 10546850
232 342005
240 3431676
248 298150
256 16711
264 348369
272 14899632
280 476637
288 22243840
296 389108
304 26782094
312 498577
320 25633757
328 627038
336 35985236
344 1353353
352 40508731
360 816973
368 47374178
376 933278
384 73401
392 2218625
400 60872736
408 3479756
416 66300944
424 23267972
432 97046161
440 105859708
448 76596355
456 136071208
464 137132671
472 118321997
480 102175875
488 143891013
496 187262800
504 218626550
512 65921
