8 30
16 79
24 154
32 265
40 309
48 843
56 2528
64 58871
72 40500
80 73984
88 85480
96 125963
104 140887
112 181806
120 215182
128 2144651
136 302871
144 352461
152 356608
160 4223908
168 471073
176 332751
184 252822
192 6912013
200 250084
208 415866
216 313403
224 10754527
232 258494
240 3492649
248 170868
256 13865
264 193749
272 14831260
280 453660
288 22239980
296 710732
304 26818746
312 487708
320 29873579
328 1359077
336 36092789
344 700786
352 39956687
360 858185
368 47345351
376 939708
384 4306518
392 2639043
400 60800712
408 1616751
416 66287785
424 17731664
432 95357587
440 108312731
448 80039802
456 141021116
464 130180798
472 122243317
480 102025896
488 150614367
496 188245028
504 221217453
512 62918
