8 29
16 70
24 195
32 256
40 396
48 821
56 2007
64 107497
72 40841
80 71939
88 82035
96 127953
104 139323
112 179622
120 206235
128 2145232
136 224582
144 383480
152 379737
160 4163227
168 214642
176 552721
184 281061
192 7018759
200 177370
208 477353
216 376295
224 10605825
232 165095
240 3602937
248 171946
256 75603
264 333221
272 14837524
280 265922
288 22207680
296 404818
304 26818939
312 458249
320 26355934
328 1325363
336 36113752
344 701169
352 39980429
360 1457553
368 47095771
376 1723749
384 74233
392 3407397
400 60319111
408 2641228
416 66346402
424 26725593
432 95739671
440 110296045
448 76432407
456 142107296
464 141552979
472 121909844
480 102075825
488 150494483
496 188430757
504 221297169
512 63213
