8 32
16 73
24 135
32 309
40 493
48 1208
56 2338
64 11856
72 45367
80 62562
88 83049
96 108618
104 137564
112 173314
120 212197
128 258642
136 293506
144 344143
152 398341
160 478845
168 556941
176 563179
184 676842
192 747190
200 819599
208 932247
216 1040664
224 1151790
232 1188637
240 1348342
248 1570986
256 1925628
264 2048262
272 2233508
280 2456337
288 2729136
296 2928080
304 3264834
312 3445843
320 3743118
328 4026403
336 4440318
344 4736698
352 5029001
360 5448223
368 5747907
376 6143740
384 6634123
392 6979104
400 7580890
408 7857772
416 8398453
424 8886282
432 9642324
440 9945961
448 10613273
456 11066050
464 11847420
472 12343248
480 13095500
488 13766935
496 14432813
504 15044803
512 16202450
