8 36
16 105
24 201
32 364
40 637
48 967
56 1807
64 10472
72 45849
80 64013
88 85204
96 110270
104 140995
112 176778
120 217773
128 260559
136 310804
144 368984
152 429627
160 466437
168 497487
176 617835
184 666040
192 757386
200 874908
208 927267
216 1026698
224 1100720
232 1119334
240 1417566
248 1548433
256 1843066
264 1903001
272 2181138
280 2168203
288 2531875
296 2692642
304 2973523
312 3299951
320 3565019
328 3893118
336 4338561
344 4852218
352 4939599
360 5461293
368 5824851
376 6292654
384 6622977
392 7210849
400 7645574
408 8307469
416 8859109
424 9246818
432 9922417
440 10238374
448 10554340
456 11699902
464 12670766
472 13448156
480 14069744
488 14611620
496 15799124
504 16798750
512 34526410
