8 36
16 108
24 238
32 401
40 557
48 1100
56 2758
64 9620
72 52147
80 65021
88 93230
96 112374
104 153875
112 178643
120 234524
128 267575
136 337047
144 376429
152 447536
160 502194
168 579195
176 614802
184 695992
192 759720
200 873437
208 953479
216 1050553
224 1147265
232 1287061
240 1397485
248 1609064
256 2671129
264 2056458
272 2241194
280 2537882
288 2695835
296 3092931
304 3031012
312 3549444
320 3661943
328 4477023
336 4581808
344 5062255
352 5308635
360 6042234
368 6164404
376 6991207
384 7124277
392 7946994
400 8043070
408 9010834
416 9240246
424 9999609
432 9098913
440 11287076
448 11558390
456 12501360
464 12741883
472 13980131
480 14213954
488 15333140
496 15597343
504 16816763
512 29932568
