8 65
16 136
24 231
32 416
40 851
48 1172
56 3488
64 76463
72 46581
80 65171
88 85834
96 134526
104 142631
112 182524
120 219807
128 2141602
136 319563
144 396720
152 445768
160 4266155
168 600941
176 760621
184 798387
192 7294625
200 1236019
208 2615145
216 1753144
224 12098574
232 1771480
240 6028058
248 2195446
256 16935632
264 2615546
272 17813083
280 3298872
288 25415898
296 3995293
304 30158165
312 4559044
320 33550555
328 30053266
336 40395107
344 5730200
352 45243187
360 6620441
368 53130395
376 67834239
384 88871551
392 85313373
400 68365165
408 10620954
416 119613017
424 117856882
432 139091008
440 117805758
448 148946290
456 161549275
464 175741498
472 186855268
480 183489712
488 214295149
496 207650912
504 224211785
512 135066681
