8 58
16 136
24 278
32 416
40 604
48 1191
56 2801
64 79762
72 46287
80 65313
88 86303
96 129693
104 142431
112 180003
120 219603
128 2143945
136 317503
144 391272
152 444658
160 4267159
168 598197
176 783891
184 805618
192 7285565
200 1187298
208 2564407
216 1693984
224 12096592
232 1695093
240 5738512
248 2107996
256 16936529
264 2749743
272 17970036
280 3045047
288 25446759
296 3774959
304 30248252
312 20655829
320 33530515
328 5301824
336 58652513
344 5822269
352 45237712
360 53884300
368 53242993
376 8308124
384 88439690
392 82169405
400 106877679
408 78879430
416 118519605
424 117924158
432 138730138
440 138901956
448 149105898
456 161976262
464 173740876
472 187046084
480 184205194
488 213749458
496 207275861
504 224690799
512 135074706
