8 54
16 132
24 276
32 414
40 610
48 1235
56 2948
64 78504
72 46065
80 69814
88 86670
96 141896
104 143475
112 184711
120 218698
128 2136364
136 318800
144 407966
152 447849
160 4277958
168 602810
176 794338
184 797043
192 7248783
200 1036285
208 1492657
216 1483091
224 11680428
232 1678077
240 5198221
248 2100624
256 16933803
264 2647043
272 17202341
280 3037011
288 24792919
296 4035062
304 29930205
312 4275118
320 33480959
328 5273177
336 40494956
344 5818743
352 45656394
360 6727172
368 53539457
376 7705205
384 57524854
392 11381416
400 68867877
408 13450357
416 75373492
424 30047191
432 108797011
440 125984474
448 92537368
456 162464419
464 160725109
472 140364378
480 115836711
488 172893786
496 213641725
504 248719582
512 134876394
