8 58
16 140
24 276
32 411
40 611
48 1249
56 2542
64 82332
72 46457
80 74166
88 87960
96 130612
104 143317
112 183057
120 219588
128 2141577
136 320787
144 434801
152 447244
160 4272647
168 602001
176 869916
184 795618
192 7252431
200 1030667
208 1480468
216 1534787
224 11681674
232 1673799
240 5195899
248 2180936
256 16933778
264 2654623
272 16981873
280 3044203
288 24808183
296 3677041
304 29952301
312 4701566
320 33479267
328 5267903
336 40485981
344 5818906
352 45533828
360 6762276
368 53475577
376 8485526
384 57847007
392 10915400
400 68255718
408 13304949
416 75275260
424 32258052
432 100626237
440 128676477
448 92604224
456 162283023
464 160821714
472 140574768
480 115880327
488 173320716
496 213499954
504 248656005
512 134879716
