8 51
16 139
24 282
32 467
40 2259
48 1319
56 1948
64 10057
72 46302
80 64457
88 86006
96 111080
104 141780
112 178257
120 218920
128 260361
136 317586
144 377658
152 443654
160 519191
168 601247
176 690386
184 788221
192 892087
200 1013919
208 1139635
216 1278232
224 1422037
232 1581824
240 1753217
248 1940341
256 2153852
264 2338159
272 2558503
280 2784418
288 3031644
296 3294752
304 3554535
312 3861804
320 4167292
328 4468290
336 4834888
344 5299565
352 5563307
360 5913154
368 6337424
376 6779124
384 7182334
392 7693729
400 8125024
408 8814597
416 9316572
424 9917654
432 10442048
440 10852128
448 11631244
456 12443689
464 13248976
472 14056375
480 14808995
488 15630732
496 16639613
504 17720777
512 49295942
