8 55
16 148
24 389
32 462
40 705
48 1355
56 3007
64 9633
72 52477
80 65493
88 95067
96 113146
104 154747
112 179843
120 235661
128 269543
136 341396
144 381170
152 472548
160 523548
168 648448
176 709212
184 855382
192 926248
200 1074500
208 1184251
216 1375277
224 1474483
232 1736679
240 1827968
248 2102571
256 3088487
264 2607734
272 2783479
280 3223854
288 3287460
296 3820506
304 3882861
312 4711202
320 4574785
328 5156042
336 5311780
344 5890606
352 5943734
360 6802886
368 6920936
376 7656323
384 7891168
392 8662869
400 8760491
408 9745606
416 9857427
424 10886828
432 11015349
440 12157941
448 12349657
456 13494024
464 13543029
472 14914061
480 15250737
488 16346687
496 16657319
504 18028876
512 31463242
