8 1049
16 8326
24 27823
32 66189
40 129134
48 222749
56 353678
64 595262
72 789344
80 1084837
88 1442395
96 1897814
104 2386199
112 2978241
120 3657351
128 5945860
136 5361168
144 6413396
152 7538969
160 12031460
168 10336733
176 12188843
184 14342765
192 22396790
200 20364647
208 26810948
216 26889686
224 38648811
232 34525166
240 44365125
248 42865533
256 73853648
264 51578842
272 70005081
280 63571801
288 86839462
296 73917636
304 102145854
312 89572319
320 121724277
328 102087840
336 140086304
344 121907216
352 162474874
360 139637555
368 184589688
376 160084244
384 258499477
392 182214983
400 244177314
408 206295420
416 278257068
424 233589913
432 311186743
440 261197361
448 374110878
456 303131313
464 378249767
472 353030965
480 433796281
488 410897703
496 480584823
504 486718866
512 516591475
