8 59
16 149
24 281
32 465
40 1305
48 1509
56 1773
64 84943
72 46408
80 65403
88 85968
96 134460
104 143381
112 182266
120 219548
128 2138194
136 320914
144 408762
152 445883
160 4269262
168 604680
176 861459
184 803357
192 7526052
200 1453715
208 7811205
216 2353950
224 12687224
232 2106486
240 11471352
248 3397933
256 16936770
264 4101898
272 20936348
280 3249789
288 26561901
296 5135057
304 30110091
312 4216346
320 33521257
328 5322065
336 40482785
344 6384193
352 45268313
360 6827207
368 53139408
376 8387437
384 57365484
392 9486702
400 68371364
408 11107196
416 74739071
424 13206230
432 85908491
440 13839421
448 91790372
456 31729264
464 106982735
472 55076606
480 114965697
488 86432710
496 131457428
504 120070089
512 135061669
