8 1045
16 8331
24 27945
32 66393
40 129105
48 223649
56 361037
64 573416
72 789790
80 1083727
88 1439020
96 1903041
104 2377948
112 3031038
120 3668761
128 5939703
136 5349290
144 6423227
152 7523893
160 11845509
168 10608778
176 12511662
184 14693299
192 22236683
200 20391873
208 24184864
216 26721381
224 39252308
232 35472629
240 42530186
248 43829749
256 72358621
264 53562380
272 70597307
280 66212737
288 88203538
296 75387208
304 103511962
312 93351268
320 130176797
328 104341520
336 141950030
344 122739508
352 165148391
360 143946736
368 193359275
376 165354602
384 257712216
392 187928574
400 243848015
408 213050646
416 277999114
424 240543610
432 310047189
440 270334538
448 373995539
456 278128353
464 318889691
472 311588804
480 346048420
488 348593211
496 369562933
504 385303549
512 509777654
