8 59
16 133
24 274
32 411
40 601
48 1407
56 2748
64 55417
72 46832
80 64828
88 86274
96 143323
104 142910
112 183694
120 218235
128 2146024
136 319368
144 393854
152 444079
160 4257509
168 601260
176 763349
184 813292
192 7292641
200 1204281
208 2491079
216 1772254
224 12107234
232 1798635
240 6240336
248 2211776
256 16939244
264 2733426
272 17939680
280 3347939
288 25432238
296 4109041
304 30153828
312 4714890
320 33530732
328 5429586
336 40415232
344 5762219
352 45261510
360 7405225
368 53177572
376 8383498
384 57419322
392 9054007
400 68326565
408 10675052
416 74729194
424 13075552
432 85972129
440 14699974
448 91856362
456 161885812
464 161515340
472 187270170
480 185183037
488 216399809
496 208155516
504 224538618
512 135063062
