8 1049
16 8331
24 27933
32 66467
40 129174
48 223423
56 361257
64 596437
72 789011
80 1083533
88 1440034
96 1889135
104 2383765
112 3020587
120 3672171
128 5878706
136 5369808
144 6432986
152 7660148
160 12076783
168 10286899
176 12631626
184 14621171
192 22124208
200 20313476
208 24400798
216 26868433
224 38972476
232 35432917
240 42346529
248 43653130
256 73531274
264 53422091
272 70453201
280 66556909
288 88090349
296 76833879
304 84898022
312 93074604
320 136080331
328 105210357
336 115198296
344 122632701
352 164061581
360 143549090
368 149963263
376 147117400
384 251786883
392 187885846
400 242938994
408 192943452
416 218583570
424 219521198
432 244443231
440 247318766
448 347189765
456 283252217
464 300915088
472 311622603
480 338318097
488 346901216
496 368387666
504 385042569
512 508982762
