8 68
16 159
24 273
32 536
40 737
48 1237
56 3384
64 81187
72 46832
80 64622
88 86273
96 134686
104 143839
112 182137
120 219242
128 2146602
136 317959
144 399818
152 446072
160 4240119
168 601579
176 782251
184 797821
192 7297039
200 1197239
208 2672031
216 1710884
224 12092764
232 1706695
240 5825531
248 2119036
256 16936304
264 2777780
272 17793325
280 7368267
288 25484761
296 6771639
304 40808568
312 5421503
320 33524855
328 6735101
336 59017271
344 5810538
352 45235097
360 6747570
368 79380420
376 68377985
384 57419428
392 9028740
400 68299324
408 99782109
416 120073822
424 119519853
432 138513303
440 138874397
448 132167810
456 155194347
464 175759892
472 186804273
480 183791685
488 215160041
496 207564520
504 223971855
512 135067303
