8 1039
16 8325
24 28010
32 66243
40 130364
48 225565
56 355099
64 588357
72 797875
80 1095563
88 1441179
96 1925768
104 2383045
112 2988587
120 3690536
128 6068195
136 5345157
144 6506904
152 7545813
160 12056390
168 10513279
176 12157542
184 14725950
192 22604850
200 20317765
208 24439703
216 26670371
224 39567266
232 35163379
240 42941778
248 43996338
256 73736911
264 53612216
272 69903358
280 65161985
288 88366594
296 75483369
304 85602659
312 91761702
320 126477443
328 104629398
336 115865329
344 124714605
352 163467239
360 125539474
368 187145077
376 145862218
384 255096612
392 169274640
400 196208600
408 192166977
416 220095266
424 217582183
432 245637944
440 245640669
448 328937198
456 276378636
464 313811980
472 309922594
480 342100318
488 344513920
496 361526404
504 378058165
512 519760310
