8 55
16 130
24 262
32 431
40 687
48 1580
56 2529
64 74241
72 46444
80 64651
88 86304
96 146510
104 143054
112 183279
120 220588
128 2146110
136 319331
144 403833
152 446887
160 4275334
168 600198
176 760532
184 806330
192 7320746
200 1206559
208 2950163
216 1855366
224 12167434
232 2208950
240 7054096
248 2572831
256 16934217
264 2840802
272 18451713
280 3807331
288 25511377
296 4168962
304 41056327
312 4238744
320 33561150
328 5444112
336 58943794
344 6416929
352 45269872
360 52902653
368 53124704
376 66300362
384 57386650
392 83874521
400 106143578
408 98448341
416 120292565
424 116653105
432 139290349
440 136653806
448 150427605
456 159089708
464 159894799
472 183872932
480 182854896
488 210652648
496 208088441
504 228184836
512 135073007
