8 1040
16 8311
24 27837
32 65884
40 129596
48 222199
56 353241
64 594190
72 777043
80 1078750
88 1444255
96 1899234
104 2384979
112 2973396
120 3654397
128 6027888
136 5375669
144 6485056
152 7588420
160 12245049
168 10607413
176 12485372
184 14644843
192 22744467
200 20453194
208 23949850
216 27005296
224 39991188
232 35788201
240 43058941
248 44723721
256 75338473
264 54991434
272 72658547
280 67093521
288 90730803
296 76795646
304 105236475
312 94367262
320 99254970
328 106150527
336 145105015
344 91586161
352 167877367
360 145891280
368 145768348
376 120504570
384 263220845
392 137016607
400 210976095
408 154891865
416 238595746
424 185056617
432 268985306
440 236439270
448 301321874
456 268850232
464 288955882
472 290499034
480 334472089
488 326033700
496 366574843
504 382172306
512 511082482
