8 56
16 151
24 273
32 476
40 1535
48 1150
56 3221
64 80412
72 45633
80 64662
88 86021
96 140150
104 143535
112 180790
120 219651
128 2148006
136 318973
144 408334
152 445441
160 4257576
168 601246
176 777699
184 788296
192 7249014
200 1051933
208 1474589
216 1459954
224 11682621
232 1671489
240 5359074
248 2182714
256 16935430
264 2538042
272 17021606
280 3035127
288 24803188
296 3641044
304 29965126
312 4292256
320 33733505
328 5192761
336 40484009
344 5850410
352 45258088
360 6738339
368 53550657
376 8499637
384 57321608
392 11253278
400 69015379
408 13287830
416 75284938
424 35201138
432 101931486
440 122917677
448 92599174
456 156519836
464 156300248
472 135300451
480 115951151
488 166662246
496 212740731
504 247212367
512 134877190
