8 1058
16 8287
24 27830
32 65955
40 128611
48 222136
56 353845
64 591003
72 770111
80 1079324
88 1444434
96 1891278
104 2385716
112 2975062
120 3656645
128 6072297
136 5378941
144 6407500
152 7564801
160 12188935
168 10454617
176 12610295
184 14553602
192 22726567
200 20398251
208 24081330
216 26897360
224 40233920
232 35681563
240 42626237
248 44346443
256 75398852
264 54707864
272 72296702
280 66871505
288 90401916
296 76589558
304 104935955
312 94738164
320 128559285
328 106930317
336 116129361
344 127009772
352 133689994
360 105269366
368 191624041
376 166377820
384 259921726
392 136808159
400 196497021
408 174993277
416 221298149
424 185945096
432 247069528
440 238805554
448 272187474
456 271897508
464 292610059
472 292693004
480 334763227
488 329281597
496 366765137
504 382612887
512 515537707
