8 48
16 144
24 271
32 526
40 786
48 1117
56 2908
64 81559
72 46497
80 76523
88 85956
96 129581
104 143265
112 180434
120 218842
128 2135312
136 318140
144 408763
152 445422
160 4280497
168 599481
176 875398
184 792965
192 7249376
200 1027856
208 1560546
216 1457952
224 11681707
232 1669538
240 5245325
248 2104695
256 16933871
264 2515675
272 17206085
280 3070032
288 24814051
296 3778496
304 29954812
312 4708020
320 33481472
328 5970259
336 40864250
344 5821659
352 45536771
360 7368040
368 53206228
376 7836966
384 57332351
392 10394509
400 69048147
408 12536015
416 75268801
424 37031583
432 108814961
440 123077874
448 92589225
456 162492021
464 160965973
472 141948763
480 115898896
488 173258905
496 214637730
504 249899287
512 134878721
