8 1039
16 8281
24 27831
32 65855
40 128450
48 222659
56 353978
64 597089
72 768067
80 1077663
88 1444042
96 1903116
104 2385313
112 2976295
120 3657627
128 6084351
136 5338871
144 6544779
152 7541999
160 12130431
168 10495555
176 12442370
184 14467803
192 22799415
200 20512891
208 23982618
216 26924634
224 40323216
232 35630176
240 42639493
248 44346033
256 76187119
264 54656763
272 72330254
280 67100667
288 90287905
296 76809998
304 104950191
312 94660041
320 129949990
328 106790290
336 116069369
344 126797049
352 167487835
360 146348125
368 191715081
376 119930398
384 221378233
392 136766690
400 197648673
408 154658106
416 234639429
424 186742216
432 264930276
440 259813707
448 272163772
456 274018741
464 292836054
472 292342459
480 334429022
488 329244900
496 366829127
504 382129193
512 515506566
