8 57
16 138
24 277
32 443
40 598
48 1566
56 3061
64 83759
72 46339
80 73895
88 86528
96 142725
104 143008
112 182061
120 218613
128 2137255
136 319390
144 410054
152 443610
160 4269100
168 602514
176 798729
184 795161
192 7246227
200 1028680
208 1486626
216 1472310
224 11667402
232 1668891
240 5215542
248 2093531
256 16934013
264 2519581
272 17152565
280 3235348
288 24811341
296 4045233
304 29929389
312 4697896
320 33466262
328 5777346
336 40660935
344 5827012
352 45257785
360 7530406
368 53198428
376 7710765
384 57633412
392 10060605
400 68666844
408 12423661
416 75272328
424 38440463
432 102066660
440 113100578
448 92590228
456 160109747
464 160656804
472 140871930
480 115941660
488 173186881
496 214539373
504 250036078
512 134872003
