8 1060
16 8272
24 27827
32 65770
40 128303
48 222322
56 352309
64 530859
72 758443
80 1036197
88 1381453
96 1788265
104 2275103
112 2849556
120 3503398
128 4245279
136 5092015
144 6050275
152 7101292
160 8312008
168 9579073
176 11035296
184 12751727
192 14391682
200 16265142
208 18264472
216 20486278
224 23005007
232 25706691
240 28134602
248 31087396
256 34258194
264 37509943
272 40843892
280 44856087
288 48487876
296 52506256
304 56922081
312 62121895
320 66442957
328 71443986
336 76921988
344 83204490
352 88015968
360 95068976
368 101603543
376 107921861
384 114586244
392 122627436
400 130464774
408 137676009
416 145204658
424 154299593
432 162556771
440 172343186
448 181765482
456 191804871
464 201936395
472 212579326
480 223454645
488 235057724
496 246635595
504 258534623
512 271147042
