8 63
16 136
24 223
32 426
40 599
48 1427
56 2568
64 13630
72 45856
80 63615
88 84191
96 110017
104 139583
112 175325
120 214631
128 261365
136 313307
144 373241
152 437525
160 512830
168 591099
176 683191
184 777280
192 886115
200 999417
208 1129973
216 1262318
224 1409255
232 1562085
240 1732942
248 1915466
256 2100367
264 2311606
272 2528876
280 2757876
288 3000264
296 3256691
304 3531905
312 3814845
320 4111060
328 4430785
336 4763403
344 5114649
352 5477570
360 5859944
368 6255895
376 6670026
384 7105534
392 7562500
400 8026694
408 8531464
416 9047767
424 9562359
432 10118067
440 10683261
448 11282626
456 11894729
464 12528210
472 13196567
480 13889250
488 14586937
496 15321798
504 16068059
512 17016060
