8 1111
16 8774
24 29520
32 69842
40 136332
48 236328
56 377751
64 572025
72 811121
80 1111707
88 1497053
96 1930584
104 2453029
112 3063324
120 3715163
128 4625734
136 5407701
144 6463819
152 7655196
160 8869842
168 10282691
176 11972945
184 13804300
192 15446912
200 17479396
208 19696290
216 22070553
224 24877715
232 27288947
240 29964798
248 33033716
256 36958808
264 40350383
272 45034158
280 47872756
288 51617250
296 55782115
304 61656034
312 67000982
320 70575937
328 76594470
336 81500526
344 88820778
352 94939941
360 101754558
368 107736317
376 116597625
384 122307090
392 132055312
400 140351854
408 147312428
416 155770421
424 168655096
432 177129667
440 185956262
448 195750405
456 205373761
464 220516317
472 232183127
480 244515349
488 251712452
496 261525714
504 276716287
512 346771064
