8 59
16 138
24 278
32 460
40 687
48 1432
56 5658
64 13331
72 45854
80 64863
88 86072
96 111548
104 141846
112 178461
120 219127
128 261461
136 317593
144 378675
152 443747
160 519187
168 603902
176 691510
184 789055
192 892775
200 1015744
208 1141358
216 1276040
224 1423416
232 1580108
240 1758912
248 1942509
256 2155062
264 2352354
272 2561565
280 2782353
288 3030270
296 3297295
304 3565481
312 3866099
320 4150582
328 4485656
336 4865334
344 5296140
352 5563877
360 5924047
368 6324350
376 6774832
384 7178045
392 7700241
400 8138652
408 8814351
416 9318578
424 9961199
432 10460671
440 11017838
448 11617022
456 12306580
464 13272052
472 14084175
480 14884040
488 15635241
496 16620614
504 17758475
512 49295056
