8 1118
16 8807
24 29533
32 70049
40 136496
48 236080
56 376117
64 569406
72 811250
80 1113401
88 1469826
96 1915559
104 2430623
112 3054426
120 3773433
128 4560894
136 5560010
144 6488479
152 7640477
160 8886745
168 10248915
176 11754581
184 13663536
192 15460554
200 17403637
208 19619823
216 21927637
224 24605120
232 27386331
240 30444442
248 33806378
256 36688771
264 40637325
272 44358344
280 48756464
288 51960243
296 56335305
304 60935299
312 67398372
320 70906976
328 76607739
336 82171199
344 90066940
352 94069138
360 102617425
368 108530095
376 117429822
384 122004844
392 130561672
400 137707518
408 147487768
416 154858293
424 165146962
432 173894966
440 186513300
448 194080121
456 204915071
464 219410257
472 230786829
480 241459254
488 250841380
496 268106438
504 281209064
512 359041794
