8 59
16 140
24 275
32 462
40 681
48 1191
56 2130
64 9096
72 46516
80 65162
88 86510
96 112025
104 142295
112 178234
120 218836
128 267759
136 319428
144 378961
152 444290
160 519877
168 602067
176 691233
184 789134
192 894360
200 1012799
208 1141303
216 1276705
224 1421668
232 1580421
240 1752071
248 1939538
256 2161415
264 2339122
272 2553837
280 2787357
288 3036139
296 3294983
304 3568471
312 3865264
320 4206351
328 4489741
336 4855951
344 5367646
352 5602721
360 5943240
368 6322048
376 6789979
384 7207059
392 7701102
400 8188738
408 8902138
416 9448005
424 9966098
432 10549432
440 11024914
448 11543788
456 12434804
464 13391276
472 14124907
480 14862604
488 15629357
496 16666767
504 17800584
512 50498215
