8 5745
16 8490
24 52795
32 68015
40 194017
48 230373
56 486825
64 561166
72 1031713
80 1150913
88 1778425
96 1980294
104 2855570
112 3192314
120 4439142
128 4772438
136 6335395
144 6670870
152 8512390
160 9242216
168 11380944
176 12296356
184 15378121
192 16010154
200 19761512
208 20118742
216 24718859
224 26115992
232 30891307
240 31040115
248 36546674
256 39228830
264 45291124
272 46296271
280 53298311
288 54883449
296 59946244
304 62019963
312 73426003
320 74133614
328 81316163
336 82846104
344 100110681
352 98279318
360 110623821
368 113161206
376 128680018
384 128134182
392 145441593
400 143077485
408 160374142
416 161515398
424 179722308
432 180000180
440 199289396
448 205996633
456 227332137
464 231213745
472 245006674
480 253336508
488 272308346
496 269480945
504 297383848
512 324063907
