8 69
16 144
24 270
32 474
40 806
48 1354
56 4155
64 9495
72 52552
80 65472
88 95141
96 113677
104 154719
112 179977
120 235102
128 270808
136 341552
144 380679
152 474597
160 525380
168 644972
176 707852
184 851140
192 924280
200 1072885
208 1180947
216 1377071
224 1470436
232 1743263
240 1867699
248 2127030
256 3222727
264 2566231
272 2789566
280 3227037
288 3284225
296 3807486
304 3887515
312 4520066
320 4554167
328 5166341
336 5290864
344 5884184
352 6011570
360 6774011
368 6925622
376 7677455
384 7727251
392 8660602
400 8797595
408 9656856
416 9886027
424 10809085
432 11065430
440 12130165
448 12157706
456 13296817
464 13530051
472 14899841
480 14961623
488 16337370
496 16671931
504 18022609
512 28380554
