8 1049
16 8302
24 27825
32 66177
40 128550
48 222687
56 354209
64 590490
72 789324
80 1084399
88 1444210
96 1909744
104 2385512
112 2976356
120 3655637
128 5929623
136 5329458
144 6436051
152 7496009
160 12035635
168 10243340
176 12268566
184 14226393
192 22328347
200 20345346
208 26903559
216 26714380
224 38582890
232 34402899
240 44171207
248 42668946
256 73760649
264 51540317
272 69945557
280 63564880
288 86719494
296 73825512
304 102131188
312 89934270
320 123885843
328 101828162
336 140107900
344 121417731
352 162402193
360 125850883
368 184604454
376 159594937
384 222129895
392 167622656
400 198036165
408 191239005
416 248699438
424 216972794
432 249201557
440 245569033
448 329783055
456 275544181
464 312017288
472 308876677
480 343241827
488 344259759
496 372047923
504 389108930
512 517103377
