8 1051
16 8354
24 27944
32 66313
40 129452
48 223218
56 362134
64 589443
72 788072
80 1084053
88 1439273
96 1892224
104 2377875
112 2976581
120 3666690
128 5921534
136 5350773
144 6418967
152 7535305
160 11835303
168 10507404
176 12334522
184 14664404
192 22087037
200 20327510
208 24283214
216 26728775
224 39263068
232 35425259
240 42623560
248 43928060
256 73749583
264 53595160
272 70630226
280 66255398
288 88448828
296 75357315
304 103535664
312 93294329
320 123749920
328 90416149
336 141899475
344 122671260
352 163787565
360 143772068
368 193508586
376 146442846
384 220313016
392 170090309
400 243648957
408 212981333
416 218872074
424 218752977
432 243833731
440 268582805
448 325457418
456 278045462
464 300649245
472 311666791
480 338444957
488 346261006
496 369181144
504 385175089
512 509860076
