8 1034
16 8322
24 28033
32 66991
40 130034
48 225438
56 356641
64 589186
72 798755
80 1093031
88 1441700
96 1914876
104 2380159
112 2987499
120 3666171
128 6103763
136 5382347
144 6580820
152 7560464
160 11921337
168 10403177
176 12515475
184 15009568
192 25291476
200 20225390
208 26390038
216 27368512
224 39656713
232 35119826
240 42873457
248 43695924
256 73094964
264 53653668
272 69923788
280 65030585
288 88337272
296 75590805
304 103107282
312 92097128
320 128693580
328 104264826
336 141628979
344 107781268
352 133176537
360 125834504
368 149418529
376 145743891
384 220817873
392 169099071
400 195585523
408 207053893
416 239728839
424 217675213
432 272690328
440 245656541
448 329078714
456 276570748
464 298499506
472 309776887
480 332269425
488 344528613
496 361628687
504 378051546
512 519826729
