8 1056
16 8310
24 27829
32 65822
40 128475
48 222315
56 353059
64 588860
72 778285
80 1080501
88 1444571
96 1899153
104 2386555
112 2972965
120 3665892
128 6027019
136 5371441
144 6471318
152 7532392
160 12316215
168 10515813
176 12450574
184 14733706
192 22695663
200 20646468
208 23986497
216 27057238
224 39905726
232 35789441
240 43077047
248 44726183
256 76204278
264 54908005
272 72579136
280 67014612
288 90680729
296 77109483
304 105215646
312 94418366
320 125990059
328 106341534
336 145044292
344 91949202
352 133287000
360 105005737
368 145518979
376 120504762
384 257807505
392 137281946
400 195729600
408 155228690
416 220752816
424 203386954
432 247920618
440 235582096
448 269533062
456 268188720
464 289071987
472 291316994
480 334231915
488 326574530
496 366264135
504 381840074
512 511063755
