8 1041
16 8266
24 27816
32 65853
40 128427
48 222317
56 353968
64 588261
72 772157
80 1075393
88 1444231
96 1907723
104 2385497
112 2992047
120 3661149
128 6610591
136 5325731
144 6508191
152 7621410
160 12094723
168 10410462
176 12434102
184 14727687
192 22734601
200 20622154
208 23887580
216 26920362
224 40274498
232 35570005
240 42564597
248 44389472
256 75401868
264 54828279
272 72423663
280 66859271
288 90457342
296 76813834
304 104938602
312 68330524
320 127304879
328 106355810
336 144907990
344 126890206
352 133680357
360 145655679
368 147457401
376 119902627
384 221392933
392 137514983
400 196557033
408 155554857
416 241567989
424 213358444
432 247143121
440 236921659
448 277717277
456 271980145
464 292746602
472 292115774
480 334653045
488 329258530
496 366931420
504 382139919
512 515480811
