8 1046
16 8287
24 27858
32 65810
40 128424
48 222296
56 353526
64 593322
72 765947
80 1077598
88 1450830
96 1888707
104 2385787
112 2993793
120 3658989
128 6050686
136 5364234
144 6477426
152 7680956
160 12139867
168 10406530
176 12305866
184 14688373
192 22869711
200 20390127
208 24020842
216 27020747
224 40209430
232 35658611
240 42580435
248 44487483
256 76155897
264 54827879
272 72236846
280 66918715
288 90387055
296 76491185
304 104913818
312 94635655
320 130437016
328 106351704
336 144872870
344 126911137
352 133738688
360 105250802
368 147631273
376 120607390
384 221449853
392 137080217
400 205496261
408 155206247
416 233621441
424 196611261
432 270616660
440 238568101
448 272892019
456 271571002
464 292831317
472 292226190
480 334679287
488 329550979
496 366899258
504 382274854
512 515509649
