8 26
16 54
24 111
32 126
40 223
48 139
56 310
64 376
72 506
80 1060
88 1051
96 2335
104 1638
112 1382
120 2684
128 510427
136 8695
144 25884
152 27295
160 34397
168 76613
176 440860
184 457270
192 158060
200 865318
208 822452
216 1308025
224 759240
232 1515722
240 1339829
248 1902839
256 16911543
264 2296837
272 2554872
280 2788015
288 3350782
296 3459897
304 3307164
312 3820162
320 33066498
328 4435411
336 4516298
344 5114539
352 5378588
360 5861844
368 9030362
376 6681564
384 89456062
392 12060147
400 11375783
408 13851547
416 13275661
424 15931313
432 14624270
440 18284118
448 132384882
456 20231927
464 21628019
472 22653224
480 25886129
488 16184061
496 14975318
504 15530390
512 134808542
