8 26612
16 26976
24 27247
32 28198
40 27582
48 28992
56 28143
64 28915
72 29157
80 29388
88 30204
96 30824
104 31018
112 32485
120 35966
128 36156
136 36322
144 39366
152 42555
160 46533
168 45685
176 49269
184 57832
192 57452
200 67151
208 65138
216 70710
224 75548
232 76501
240 80588
248 98636
256 88604
264 114722
272 118674
280 126443
288 129844
296 136356
304 165682
312 145979
320 155162
328 167235
336 165653
344 175050
352 200254
360 209052
368 199702
376 247781
384 223712
392 238472
400 243383
408 270489
416 284216
424 314530
432 323486
440 376160
448 370735
456 391215
464 418044
472 426158
480 429381
488 487309
496 510841
504 524115
512 495314
