8 29
16 69
24 82
32 169
40 236
48 313
56 640
64 628
72 982
80 1282
88 1474
96 1655
104 2262
112 2947
120 8973
128 17108
136 12494
144 10228
152 75072
160 80653
168 209431
176 402539
184 486599
192 254998
200 800632
208 926185
216 1161623
224 1121043
232 1379667
240 1716807
248 1844874
256 16918700
264 2321944
272 2289942
280 2771639
288 2569183
296 3268575
304 3150641
312 3819414
320 7840296
328 4435996
336 4466424
344 5137585
352 5187583
360 5917446
368 6047294
376 6687569
384 57694238
392 7625911
400 7982715
408 8615517
416 9000852
424 10815414
432 12978949
440 17320801
448 15969192
456 20480170
464 19503191
472 18652267
480 13779322
488 22417696
496 25572990
504 29010829
512 134801255
