8 23
16 71
24 161
32 108
40 107
48 213
56 211
64 457
72 401
80 800
88 1037
96 1258
104 1886
112 1861
120 2103
128 3083
136 17718
144 28564
152 37724
160 33528
168 33334
176 116314
184 95776
192 136314
200 173387
208 191811
216 216596
224 251304
232 360860
240 368070
248 332459
256 172820
264 228389
272 277804
280 289527
288 252470
296 297799
304 258412
312 339359
320 342853
328 365819
336 311105
344 338171
352 407644
360 399744
368 463102
376 511647
384 462799
392 541181
400 440398
408 648132
416 534170
424 650118
432 398630
440 710044
448 655798
456 777654
464 644103
472 739409
480 648865
488 749294
496 564953
504 881847
512 669848
